1.55	1876.77	1765.74	135.924	1850.81	2046.46	114.192	2087.19	2072.48	111.616	2128.19	1785.96	136.64
1.6	1885.2	1758.04	137.872	1849.58	2040.16	114.876	2090.03	2065.76	110.417	2136.46	1789.73	136.47
1.65	1894.49	1752.75	138.327	1848.24	2033.32	115.362	2087.24	2068	110.105	2144.43	1793.57	136.032
1.7	1903.92	1747.59	138.771	1847.02	2026.34	116.062	2084.44	2070.06	109.986	2152.26	1797.88	135.648
1.75	1913.49	1742.57	139.235	1846.1	2019.08	116.673	2081.51	2071.75	109.872	2159.84	1802.06	135.334
1.8	1923.22	1737.89	139.578	1845.41	2011.83	117.41	2078.47	2073.39	109.769	2167.27	1806.56	135.035
1.85	1933.06	1733.44	139.925	1844.94	2004.29	118.087	2075.42	2074.65	109.693	2174.47	1811.14	134.718
1.9	1943.01	1729.1	140.326	1844.7	1996.62	118.764	2072.1	2075.62	109.574	2181.37	1815.75	134.401
1.95	1953.06	1725.22	140.595	1844.74	1988.86	119.399	2068.76	2076.1	108.991	2188.08	1820.63	134.026
2	1963.03	1721.45	140.9	1845.21	1980.83	119.99	2065.67	2077.07	110.181	2194.52	1825.63	133.704
2.05	1973.34	1717.89	141.163	1845.62	1972.72	120.93	2062.32	2077.12	109.645	2200.66	1830.42	133.167
2.1	1983.61	1714.68	141.376	1846.42	1964.69	121.611	2058.67	2077.06	109.378	2206.6	1835.5	132.689
2.15	1993.92	1711.46	141.619	1847.52	1956.32	122.301	2055.28	2076.42	109.598	2212.28	1840.64	132.391
2.2	2004.44	1708.92	141.799	1848.66	1947.91	123.323	2051.82	2075.91	109.517	2218.11	1846.01	131.851
2.25	2014.78	1706.25	142.034	1850.49	1939.62	123.912	2048.52	2075.37	110.031	2223.2	1851.12	131.579
2.3	2025.27	1703.94	142.189	1852.13	1931.33	124.426	2045	2073.91	109.686	2228.12	1856.42	130.964
2.35	2035.72	1701.91	142.188	1854.54	1922.67	125.218	2041.42	2072.61	109.919	2233.01	1861.74	130.452
2.4	2046.22	1700.19	142.512	1857.05	1913.99	126.135	2038.01	2070.91	110.23	2237.49	1867.1	130.197
2.45	2056.59	1698.67	142.261	1859.62	1905.39	126.805	2034.95	2068.86	110.43	2241.57	1872.49	129.547
2.5	2067.33	1697.46	142.62	1862.32	1896.76	127.83	2031.33	2066.89	110.313	2245.66	1877.93	129.175
2.55	2077.87	1696.29	142.736	1865.7	1888.04	128.384	2028.02	2064.37	110.747	2249.05	1882.52	128.955
2.6	2088.33	1695.66	142.736	1869.26	1879.38	129.357	2024.79	2061.65	110.942	2253.04	1888.97	128.324
2.65	2098.9	1695.02	142.58	1873.14	1870.73	130.159	2021.66	2058.84	111.084	2256.33	1894.2	127.853
2.7	2109.24	1694.88	142.686	1877.05	1862.04	130.738	2019.1	2056.35	111.326	2259.35	1899.45	127.281
2.75	2119.73	1694.81	142.656	1881.37	1853.3	131.407	2014.95	2051.82	111.048	2261.93	1904.87	126.83
2.8	2130.02	1695.17	142.63	1886.06	1844.69	132.228	2012.31	2048.33	111.741	2264.54	1910.16	126.53
2.85	2140.14	1695.69	142.498	1890.94	1836.09	132.852	2009.52	2044.62	112.694	2266.88	1915.54	125.993
2.9	2150.42	1696.38	142.31	1896.09	1827.3	133.932	2006.92	2040.41	112.741	2268.9	1920.69	125.536
2.95	2160.45	1697.27	142.195	1901.47	1819.23	134.338	2004.09	2036.1	112.816	2270.8	1925.98	125.307
3	2170.41	1698.49	142.119	1907.23	1810.85	135.081	2001.42	2030.88	113.401	2272.32	1931.05	124.805
3.05	2180.51	1700.07	141.821	1913.15	1802.6	135.888	1999.16	2025.8	113.743	2274.21	1936.55	124.155
3.1	2190.21	1701.5	141.574	1919.35	1794.36	136.56	1996.99	2021.59	115.007	2275.11	1941.23	124.291
3.15	2199.9	1703.34	141.35	1925.38	1786.59	136.81	1995.46	2016.29	114.258	2275.81	1945.98	123.569
3.2	2209.53	1705.47	141.188	1932.47	1778.46	137.857	1992.82	2010.62	115.504	2276.73	1950.5	123.162
3.25	2218.87	1707.73	140.886	1939.53	1770.3	138.708	1991.5	2005.04	115.63	2277	1955.09	122.944
3.3	2228.1	1710.38	140.324	1946.5	1762.84	139.288	1989.98	1999.11	116.381	2277.22	1959.64	122.577
3.35	2237.43	1713.03	140.292	1953.76	1755.32	139.919	1988.6	1993.57	116.537	2277.13	1963.99	122.405
3.4	2246.69	1715.88	140.247	1961.55	1747.97	140.491	1987.46	1987.34	117.504	2276.46	1966.49	122.143
3.45	2255.33	1719.13	139.838	1969.41	1740.58	141.253	1986.35	1980.98	117.923	2276.88	1972.79	122.132
3.5	2264.1	1722.36	139.426	1977.53	1733.58	141.971	1985.81	1974.5	118.242	2276.2	1976.16	121.32
3.55	2272.34	1725.81	139.131	1985.55	1726.62	142.233	1986.18	1969.05	118.689	2275.61	1979.81	120.766
3.6	2280.82	1729.52	138.961	1994.06	1719.84	142.901	1985.72	1962.07	118.755	2274.61	1983.39	120.607
3.65	2289	1733.63	138.481	2002.72	1713.24	143.369	1983.86	1953.17	120.264	2273.36	1986.92	120.242
3.7	2296.81	1737.6	138.095	2011.55	1706.91	144.018	1984.44	1946.93	120.785	2272.38	1990.37	119.994
3.75	2304.56	1741.68	137.619	2020.62	1700.7	144.472	1984.65	1939.77	121.472	2270.92	1993.23	119.577
3.8	2312.14	1746.09	137.312	2029.51	1695.14	144.589	1985.03	1932.9	122.061	2269.34	1996.08	119.478
3.85	2319.57	1750.59	136.882	2038.89	1689.34	145	1985.34	1924.77	123.389	2267.66	1998.75	119.324
3.9	2326.73	1755.41	136.365	2048.38	1683.82	145.564	1986.51	1916.99	124.028	2266.42	2001.56	118.524
3.95	2333.42	1759.81	135.931	2057.9	1678.36	145.88	1987.84	1910.21	124.406	2264.05	2003.73	119.023
4	2340.19	1764.73	135.681	2067.79	1673.41	146.304	1989.32	1902.12	124.658	2261.77	2005.87	118.473
4.05	2346.76	1769.71	134.985	2077.74	1668.76	146.412	1990.07	1894.32	126.408	2259.88	2007.42	118.141
4.1	2353.01	1774.75	134.833	2087.92	1664.09	147.002	1992.69	1886.97	126.506	2257.28	2009.25	118.331
4.15	2358.68	1780.31	133.653	2097.8	1660.04	147.039	1994.71	1878.54	127.4	2254.76	2010.93	118.177
4.2	2364.76	1784.99	133.842	2108.15	1656.07	147.285	1996.96	1871.73	127.976	2252.38	2012.15	118.315
4.25	2370.41	1790.26	133.537	2118.33	1652.19	147.708	2000	1863.41	128.652	2248.81	2011.43	118.479
4.3	2375.58	1795.75	132.878	2129.13	1648.95	147.504	2002.51	1855.85	129.377	2247.28	2015.13	119.196
4.35	2380.52	1801.11	132.298	2139.55	1645.87	147.649	2005.81	1847.82	129.637	2244.39	2014.78	118.19
4.4	2384.85	1805.66	132.342	2150.14	1642.91	147.909	2009.25	1840.61	130.425	2241.66	2015.01	117.963
4.45	2390.11	1812.47	131.546	2160.92	1640.37	147.944	2011.94	1831.77	131.562	2238.69	2015.25	118.012
4.5	2394.47	1817.96	131.304	2171.61	1637.87	148.136	2015.81	1824.1	131.979	2235.44	2015.32	117.82
4.55	2398.36	1823.53	130.236	2181.97	1635.82	148.38	2019.62	1816.13	132.903	2233.14	2015.93	118.766
4.6	2402.34	1829.12	129.972	2193.14	1633.99	148.191	2024.13	1808.29	133.966	2229.94	2015.67	118.818
4.65	2405.88	1834.69	129.595	2203.89	1632.24	148.322	2028.66	1800.24	134.47	2227.08	2014.12	118.465
4.7	2409.62	1840.93	128.75	2214.71	1630.85	148.277	2032.5	1792.12	135.938	2224.11	2013.21	118.726
4.75	2412.41	1846.68	128.074	2225.6	1629.84	148.156	2037.79	1783.79	136.686	2222.26	2012	117.729
4.8	2415.08	1851.56	128.052	2236.08	1628.66	148.269	2043.13	1777.11	136.758	2218.02	2010.56	119.065
4.85	2417.57	1857.43	127.603	2247.17	1628.37	148.139	2048.74	1768.97	136.886	2215.62	2008.99	119.16
4.9	2420.52	1863.05	126.734	2258.13	1628.29	148.041	2054.12	1761.94	137.883	2211.78	2007.18	119.331
4.95	2422.14	1868.36	126.654	2268.78	1627.64	148.564	2060.16	1754.07	138.335	2208.87	2005	119.421
5	2423.71	1874.12	125.611	2279.13	1628.87	147.764	2065.95	1747.26	138.696	2205.93	2003	119.579
5.05	2425.83	1878.63	125.694	2289.8	1628.57	148.037	2072.59	1740.16	139.982	2203.23	1999.9	119.82
5.1	2427.12	1884.15	125.373	2300.36	1629.42	147.906	2079.6	1732.42	140.977	2199.51	1996.21	120.182
5.15	2428.05	1889.4	124.669	2310.67	1630.15	147.461	2085.85	1726.07	141.307	2197.67	1994.18	120.017
5.2	2428.85	1894.36	124.67	2321.05	1631.47	147.66	2092.51	1719.37	141.803	2195.03	1991.05	120.6
5.25	2428.27	1897.06	124.759	2331.14	1633.06	147.367	2100.25	1712.88	141.907	2192.22	1987.65	120.771
5.3	2430.46	1904.84	124.182	2341.5	1634.59	147.206	2107.5	1705.43	142.911	2189.84	1983.95	120.943
5.35	2430.32	1909.22	123.494	2351.48	1636.31	147.095	2114.95	1699.37	143.416	2187.06	1980.28	121.272
5.4	2430.59	1914.11	122.641	2361.18	1639.01	146.863	2122.39	1693.29	143.751	2185.05	1976.3	121.542
5.45	2430.27	1918.51	122.535	2371.15	1641.16	146.462	2130.69	1687.12	144.927	2182.68	1971.88	121.974
5.5	2429.87	1922.94	122.244	2380.72	1643.75	146.201	2138.56	1680.91	144.92	2180.56	1967.5	122.376
5.55	2429.68	1928.2	121.173	2390.32	1646.8	145.514	2146.38	1675.28	145.638	2178.94	1962.95	122.308
5.6	2428.57	1932.25	120.989	2399.56	1649.41	145.438	2155.09	1670.01	145.796	2176.96	1958.35	122.952
5.65	2427.23	1935.51	120.825	2408.38	1652.55	144.851	2163.33	1664.33	146.117	2174.89	1953.12	123.473
5.7	2426.07	1939.63	121.103	2417.79	1656.23	144.711	2172.05	1658.88	146.339	2173.47	1948.11	124.119
5.75	2425.44	1943.63	119.737	2426.73	1659.99	144.144	2180.03	1654.82	145.919	2171.72	1942.77	124.33
5.8	2423.36	1947.22	120.647	2435.5	1663.53	144.348	2188.58	1649.79	146.893	2170.47	1937.45	124.88
5.85	2419.85	1947.39	120.363	2443.59	1668.37	143.329	2198.4	1645.2	147.197	2169.22	1932	125.373
5.9	2418.86	1951.46	120.459	2451.93	1671.9	143.347	2207.35	1640.03	148.159	2168.18	1926.06	125.918
5.95	2416.75	1954.46	119.952	2460	1676.38	142.698	2217.32	1635.63	148.768	2167.36	1920.11	126.38
6	2414.85	1956.84	120.065	2467.87	1680.63	142.372	2225.88	1632.55	148.384	2166.53	1914	126.885
6.05	2412.27	1959.77	119.583	2475.44	1685.5	141.868	2235.6	1628.06	149.268	2166.15	1908.04	127.19
6.1	2410.02	1962.43	119.555	2482.98	1690.07	142.026	2245.28	1624.61	149.431	2165.76	1901.69	127.669
6.15	2407.44	1964.63	119.479	2490.61	1695.36	141.604	2254	1621.39	148.72	2165.63	1895.37	128.532
6.2	2404.73	1966.76	119.319	2497.83	1700.25	141.126	2263.37	1618.45	150.12	2165.49	1889.08	128.834
6.25	2401.6	1968.39	119.353	2504.35	1706.17	140.58	2273	1616.29	149.526	2165.82	1882.25	129.55
6.3	2398.86	1970.14	118.793	2511.01	1711.42	140.021	2283.51	1613.3	150.085	2166.1	1875.19	130.215
6.35	2395.92	1971.07	118.83	2517.28	1716.98	139.384	2293.17	1610.71	149.851	2166.79	1868.82	130.599
6.4	2392.81	1972.54	118.837	2523.45	1722.64	138.979	2303.18	1611.36	148.598	2167.6	1861.73	131.052
6.45	2389.6	1973.43	118.504	2529.47	1728.63	138.097	2312.98	1608.57	148.941	2168.44	1854.91	131.713
6.5	2386.48	1974.25	118.671	2534.81	1734.19	137.933	2322.58	1606.56	149.325	2169.68	1847.94	132.252
