1.15	1962.21	866.65	325.126	1866.39	605.408	324.254	2127.62	511.857	325.098	2223.63	771.153	324.806
1.2	1946.51	858.941	324.923	1874.81	590.933	324.662	2143.4	521.166	325.233	2215.43	787.829	324.965
1.25	1931.51	850.362	324.873	1884.08	576.97	324.429	2157.96	531.479	325.314	2205.7	803.741	324.889
1.3	1917.53	840.494	324.805	1894.79	563.642	324.497	2171.62	543.25	325.295	2194.61	818.513	324.906
1.35	1904.5	829.041	324.599	1906.49	551.41	324.497	2184.45	556.505	325.561	2182.19	832.292	324.925
1.4	1892.48	816.834	324.399	1919.2	540.631	324.648	2195.13	570.184	325.49	2168.33	844.938	324.702
1.45	1881.29	803.747	324.586	1932.96	530.392	324.327	2204.97	584.659	325.367	2153.41	856.297	324.823
1.5	1871.35	789.225	324.538	1947.34	521.436	324.664	2213.41	600.232	325.324	2137.59	866.211	324.708
1.55	1862.62	773.742	324.302	1962.44	514.234	324.56	2220.16	615.896	324.874	2121.07	874.563	324.747
1.6	1855.56	758.372	324.41	1977.75	508.2	324.589	2225.74	633.329	325.619	2103.48	881.553	324.986
1.65	1849.61	741.833	324.551	1993.92	503.606	324.892	2229.38	650.479	325.271	2085.64	886.797	324.91
1.7	1844.91	724.842	324.6	2009.58	500.571	324.724	2231.26	668.123	325.095	2066.84	890.636	324.713
1.75	1842.33	707.425	324.617	2026.14	499.105	324.843	2232.3	685.636	325.419	2048.36	892.56	324.813
1.8	1840.69	689.855	324.469	2042.86	499.221	325.003	2231	703.012	325.254	2029.29	892.805	324.662
1.85	1840.95	672.653	324.674	2058.99	500.086	324.926	2228.18	720.329	325.236	2010.4	891.385	324.627
1.9	1842.71	654.891	324.572	2075.25	502.799	324.901	2224.07	737.013	325.289	1991.57	888.307	324.612
1.95	1845.96	637.218	324.548	2091.18	506.575	324.677	2218.01	753.13	324.855	1973.12	882.788	324.457
2	1850.56	619.908	324.023	2106.41	511.802	325.185	2210.64	769.439	324.848	1955.67	876.894	324.361
2.05	1856.73	603.782	324.706	2121.19	519.154	325.358	2201.77	784.591	325.063	1938.04	868.767	324.582
2.1	1864.08	587.804	324.511	2135.13	527.234	325.403	2191.63	798.869	325.044	1921.42	859.238	324.489
2.15	1872.86	572.664	324.414	2147.96	536.287	325.609	2179.82	812.577	324.771	1905.73	847.601	324.388
2.2	1883.06	557.988	324.535	2160.57	546.997	325.522	2167.45	824.285	325.008	1891.21	835.285	324.21
2.25	1894.35	544.48	324.544	2171.75	558.544	325.608	2153.52	835.376	324.792	1877.77	821.659	324.229
2.3	1906.82	532.537	324.712	2181.55	571.028	325.768	2138.63	845.175	324.924	1865.57	807.003	324.071
2.35	1920.31	520.462	324.685	2190.44	583.904	325.583	2123	853.445	324.805	1854.44	790.799	324.171
2.4	1934.81	510.395	324.405	2197.98	597.686	325.484	2107.09	860.107	324.524	1844.96	773.826	324.241
2.45	1949.52	501.666	324.477	2204.28	612.115	325.513	2089.82	865.675	324.996	1837	756.517	323.979
2.5	1965.47	494.206	324.828	2208.98	627.307	325.595	2072.53	869.401	325.029	1830.41	737.871	324.251
2.55	1981.28	488.203	324.757	2212.45	642.814	325.393	2054.82	871.754	324.772	1825.34	718.806	324.335
2.6	1998.22	483.864	324.729	2214.17	658.12	325.555	2036.61	872.685	324.625	1822.29	699.942	324.046
2.65	2014.97	481.127	324.838	2215.37	674.385	325.697	2019.17	871.605	324.799	1820.93	680.198	324.206
2.7	2032.34	479.893	325.015	2214.07	689.537	325.417	2001.36	868.897	324.653	1821.07	660.404	324.129
2.75	2049.41	479.59	324.854	2211.71	705.124	325.484	1983.85	864.717	324.713	1823.08	641.53	324.583
2.8	2066.38	481.131	324.955	2208.13	719.97	325.509	1966.73	859.005	324.672	1826.82	621.555	324.267
2.85	2083.21	483.782	324.538	2202.54	734.084	324.926	1950.28	851.281	324.645	1832.14	602.316	323.971
2.9	2099.54	488.306	325.253	2196.22	749.047	325.113	1934.56	843.394	324.691	1838.85	583.778	324.219
2.95	2115.64	494.619	325.382	2188.35	762.618	325.28	1919.42	832.712	324.593	1847.42	566.253	324.36
3	2130.72	501.792	325.468	2179.27	775.458	325.244	1905.26	820.945	324.429	1857.16	549.351	324.117
3.05	2145.24	510.508	325.517	2169.01	787.35	325.197	1892.26	808.366	324.352	1868.54	533.163	324.13
3.1	2159.22	520.786	325.718	2157.7	798.201	325.078	1880.23	794.47	324.307	1881.23	518.114	324.145
3.15	2171.35	531.713	325.76	2145.37	808.112	324.954	1869.65	779.702	324.117	1895.1	504.621	324.303
3.2	2182.88	543.415	325.597	2132.12	816.929	325.135	1860.29	764.259	324.26	1910.25	491.762	323.972
3.25	2193.23	556.471	325.572	2118.26	824.322	324.97	1852.14	747.357	324.278	1926.36	480.239	324.336
3.3	2202.14	569.737	325.151	2103.87	830.41	324.841	1845.57	729.819	324.06	1943.32	470.695	324.105
3.35	2210.06	584.798	325.751	2088.58	835.334	325.235	1840.58	712.293	324.343	1960.63	462.463	324.268
3.4	2216.34	600.148	325.574	2073.27	838.769	325.122	1837.11	694.113	324.301	1978.98	455.904	324.49
3.45	2220.99	616.011	325.421	2057.15	841.021	324.944	1835	675.673	324.279	1997.02	451.045	324.433
3.5	2224.69	631.845	325.724	2041.33	841.585	324.988	1835.11	656.916	324.304	2016.29	447.957	324.506
3.55	2226.7	648.421	325.704	2025.31	840.663	324.927	1836.22	638.248	324.198	2035.61	446.776	324.64
3.6	2226.96	664.696	325.602	2009.47	838.434	324.882	1839.26	620.225	324.419	2054.61	446.542	324.701
3.65	2226.03	680.688	325.583	1993.67	834.834	324.842	1843.85	601.942	324.329	2073.78	448.24	324.664
3.7	2223.32	696.65	325.344	1978.51	829.398	324.914	1849.99	583.923	324.239	2093.04	451.179	324.55
3.75	2219.1	712.402	325.071	1963.89	822.833	324.493	1857.44	566.563	323.798	2111.01	456.446	325.038
3.8	2213.7	727.988	325.444	1949.41	815.415	325.025	1866.46	550.525	324.309	2128.72	463.498	325.131
3.85	2206.77	742.748	325.383	1935.8	806.482	324.837	1876.7	535.129	324.231	2145.73	471.766	325.197
3.9	2198.24	757.208	325.121	1923.17	795.636	324.719	1888.26	520.608	324.149	2161.5	481.201	325.451
3.95	2188.95	770.084	325.311	1911.58	784.51	324.595	1901.14	506.943	324.251	2177.14	492.618	325.269
4	2178.3	782.421	325.276	1900.74	772.16	324.563	1915.01	494.594	324.218	2191.56	505.382	325.533
4.05	2166.37	793.893	325.363	1891.15	759.077	324.418	1929.92	484.096	324.498	2204.06	518.784	325.51
4.1	2153.43	803.959	325.13	1882.47	744.779	324.544	1945.77	473.674	324.425	2215.55	533.066	325.384
4.15	2139.87	812.881	324.841	1875.35	730.029	324.648	1962.48	465.439	324.172	2225.47	548.506	325.46
4.2	2125.22	820.874	325.15	1869.1	714.14	324.193	1979.13	458.79	324.391	2234	564.275	325.201
4.25	2109.9	827.151	325.292	1864.6	698.546	324.541	1996.77	453.616	324.656	2241.07	581.878	325.643
4.3	2094.2	832.199	325.054	1861.23	682.079	324.597	2014.37	450.008	324.781	2246.8	599.718	325.392
4.35	2077.58	836.071	324.928	1859.33	665.754	324.445	2032.55	447.913	324.719	2250.71	617.691	325.381
4.4	2061.72	838.059	325.14	1859.19	648.811	324.553	2050.76	447.532	324.661	2253.59	636.478	325.539
4.45	2044.9	838.536	324.972	1860.13	632.012	324.486	2069.11	449.136	324.894	2253.84	654.609	325.188
4.5	2028.2	837.668	324.992	1862.7	616.09	324.862	2087.07	451.282	324.998	2252.63	672.978	325.257
4.55	2011.62	835.361	324.926	1866.7	599.209	324.544	2104.57	455.59	325.113	2249.91	690.856	325.309
4.6	1995.24	830.78	324.776	1872	582.97	324.282	2121.61	460.93	324.573	2245	708.382	324.9
4.65	1979.64	826.181	324.763	1878.36	567.245	324.215	2137.97	468.401	325.354	2239.05	725.77	324.767
4.7	1964.22	819.411	325.193	1886.59	552.914	324.664	2153.6	477.361	325.249	2231.45	742.569	325.097
4.75	1949.16	811.381	324.912	1895.48	538.862	324.46	2168.36	487.341	325.292	2222.28	758.429	325.045
4.8	1934.87	801.824	325.021	1905.81	525.519	324.499	2181.85	498.449	325.484	2211.59	773.502	324.94
4.85	1922.15	790.94	324.621	1917.12	513.227	324.439	2195.09	511.309	325.548	2199.77	787.318	324.992
4.9	1909.84	779.191	324.612	1929.41	502.108	324.549	2206.16	524.709	325.499	2186.65	800.161	324.933
4.95	1898.72	766.662	324.561	1942.8	492.018	324.449	2216.24	538.853	325.44	2172.23	811.896	325.131
5	1888.5	752.57	324.572	1956.84	482.694	324.667	2225.06	554.093	325.432	2156.72	822.157	324.775
5.05	1879.62	737.617	324.423	1971.78	475.095	324.428	2232.39	569.682	325.079	2140.85	830.8	324.592
5.1	1872.05	722.466	324.56	1986.55	468.844	324.594	2238.37	586.306	325.52	2123.62	838.319	324.989
5.15	1865.81	706.425	324.581	2002.4	463.927	324.925	2242.51	603.307	325.45	2106.14	844.016	325.055
5.2	1860.73	689.646	324.718	2017.93	460.496	324.856	2245.14	620.81	325.18	2087.99	848.375	324.74
5.25	1857.53	672.951	324.476	2034.47	458.342	324.804	2246.26	637.726	325.456	2069.27	851.06	324.718
5.3	1855.58	655.538	324.56	2050.75	457.807	324.848	2246.5	655.781	325.603	2051	852.027	324.818
5.35	1855.28	638.242	324.539	2067.19	458.553	324.998	2243.97	672.499	325.267	2032.26	851.139	324.662
5.4	1856.4	621.227	324.792	2083.53	460.287	325.229	2240.55	689.326	325.36	2013.67	848.768	324.642
5.45	1859.18	603.447	324.735	2099.69	463.557	325.168	2235.47	705.838	325.252	1995.38	844.7	324.625
5.5	1863.14	586.236	323.935	2114.57	468.425	325.108	2228.39	721.294	324.771	1977.67	838.214	324.117
5.55	1868.41	569.647	324.537	2129.26	474.75	325.386	2220.54	737.131	324.867	1960.29	831.903	324.736
5.6	1875.39	553.891	324.636	2143.65	482.456	325.464	2211.11	751.801	325.132	1943.52	822.907	324.602
5.65	1883.35	538.597	324.44	2156.94	491.001	325.534	2200.23	765.642	324.952	1927.44	812.526	324.61
5.7	1892.84	523.751	324.49	2169.63	500.995	325.519	2188.37	778.009	325.071	1912.96	800.56	324.248
5.75	1903.49	509.914	324.48	2181.66	512.27	325.737	2175.34	789.467	324.991	1898.99	787.601	324.233
5.8	1915.28	497.416	324.604	2191.71	523.928	325.686	2161.26	799.708	324.978	1886.43	773.546	324.011
5.85	1928.18	485.379	324.369	2201.05	536.349	325.614	2145.96	808.852	324.928	1874.85	758.611	324.326
5.9	1941.99	474.557	324.702	2209.23	549.807	325.578	2130.28	816.318	324.788	1864.71	742.099	324.212
5.95	1956.59	465.404	324.539	2216.06	563.33	325.22	2114.01	822.44	324.833	1855.88	724.678	323.965
6	1971.59	457.339	324.584	2221.65	578.439	325.72	2096.87	827.018	324.932	1848.81	707.225	324.225
6.05	1987.57	450.709	324.864	2225.94	593.52	325.545	2079.84	830.117	324.922	1843.15	688.81	324.216
6.1	2003.22	445.649	324.898	2228.41	608.94	325.444	2061.97	831.644	324.819	1838.97	669.859	324.259
6.15	2020.36	441.856	324.845	2230.29	624.404	325.715	2044.58	831.892	324.783	1836.86	650.704	324.225
6.2	2037.42	440	324.941	2230.13	640.101	325.627	2026.89	830.071	324.726	1835.94	631.227	324.112
6.25	2054.28	438.775	324.965	2228.56	655.435	325.594	2009.51	826.906	324.679	1836.96	612.251	324.359
6.3	2071.26	439.285	324.987	2225.84	670.296	325.633	1992.29	822.131	324.748	1839.59	592.796	324.37
6.35	2088.65	440.961	324.884	2221.59	685.014	325.346	1975.71	815.535	324.643	1843.91	573.391	324.067
6.4	2104.85	444.737	325.358	2215.78	699.388	324.956	1959.97	807.932	324.317	1849.72	554.711	323.717
6.45	2120.79	449.953	325.416	2209	713.615	325.406	1944.27	799.097	324.821	1857.14	536.929	324.255
6.5	2136.39	456.406	325.437	2200.88	726.774	325.378	1930.04	788.287	324.457	1865.96	519.695	324.169
6.55	2150.86	463.859	325.667	2191.33	739.473	325.145	1916.18	776.305	324.507	1876.21	503.274	324.038
6.6	2165.29	473.122	325.515	2181.1	750.61	325.29	1903.86	763.632	324.357	1887.95	487.569	324.117
6.65	2178.97	483.744	325.781	2169.74	761.107	325.252	1892.36	749.616	324.323	1900.89	473.062	324.089
6.7	2190.55	494.784	325.797	2157.29	770.744	325.395	1882.37	735.023	324.259	1915.06	460.336	324.394
6.75	2201.64	506.724	325.66	2144	778.832	325.106	1873.51	718.908	324.153	1930.44	447.675	324.067
6.8	2211.58	519.889	325.665	2130.21	785.802	324.88	1865.91	702.338	324.332	1946.6	436.888	324.017
6.85	2220.17	533.321	325.413	2115.59	791.809	325.125	1859.82	684.749	324.058	1963.33	427.997	324.271
6.9	2227.52	548.536	325.649	2100.34	796.149	325.152	1855.35	667.407	324.325	1980.78	420.36	324.33
6.95	2233.49	563.857	325.524	2085.23	799.267	325.168	1852.37	649.38	324.287	1998.98	414.438	324.521
7	2237.73	579.248	325.625	2069.1	801.255	324.943	1850.69	631.078	324.315	2017.14	409.712	324.641
7.05	2241.3	595.359	325.818	2053.84	801.506	325.094	1851.15	612.619	324.325	2036.32	407.092	324.466
7.1	2242.81	611.67	325.72	2037.91	800.271	324.974	1852.71	594.182	324.229	2055.49	406.483	324.629
7.15	2242.84	627.786	325.658	2022.25	797.796	324.961	1855.97	576.627	324.558	2074.6	406.406	324.883
7.2	2241.66	643.722	325.608	2006.83	793.939	324.937	1860.94	558.255	324.367	2093.44	408.464	324.944
7.25	2238.65	659.422	325.383	1991.9	788.268	324.944	1867.25	540.583	323.993	2112.18	411.697	324.538
7.3	2234.48	675.016	325.052	1977.53	781.881	324.616	1874.85	523.761	323.838	2130.11	417.279	325.212
7.35	2228.88	690.416	325.495	1963.46	774.206	325.007	1884.09	507.913	324.358	2147.57	424.543	325.224
7.4	2221.85	704.934	325.444	1950.08	765.193	324.863	1894.4	492.81	324.169	2164.29	432.954	325.281
7.45	2213.4	719.023	325.265	1937.76	754.328	324.758	1906.05	478.546	324.134	2179.79	442.532	325.568
7.5	2204.02	731.805	325.407	1926.45	743.215	324.619	1918.9	465.286	324.231	2195.16	454.018	325.383
7.55	2193.36	743.908	325.322	1915.94	730.913	324.602	1932.81	453.222	324.238	2209.3	466.837	325.585
7.6	2181.48	755.233	325.464	1906.62	718.014	324.592	1947.63	443.035	324.546	2221.69	480.295	325.467
7.65	2168.95	764.941	325.523	1898.2	703.701	324.557	1963.35	432.981	324.406	2232.86	494.569	325.471
7.7	2155.4	773.796	325.138	1891.25	688.987	324.561	1979.92	425.017	324.214	2242.56	509.758	325.53
7.75	2140.71	781.666	325.154	1885.26	673.458	324.267	1996.37	418.669	324.47	2251.06	525.65	325.494
7.8	2125.5	787.77	325.286	1880.91	657.877	324.542	2013.92	413.559	324.66	2257.91	543.02	325.81
7.85	2110.13	792.706	325.144	1877.66	641.581	324.65	2031.51	409.95	324.709	2263.48	560.85	325.404
7.9	2093.61	796.513	324.944	1875.98	625.475	324.45	2049.59	408.046	324.633	2267.41	578.52	325.488
7.95	2078	798.568	325.161	1875.83	608.735	324.557	2067.84	407.665	324.886	2270.15	597.161	325.688
8	2061.42	798.979	324.96	1876.84	592.171	324.463	2086.18	409.362	325.238	2270.58	615.214	325.204
8.05	2044.93	798.123	325.021	1879.33	576.436	324.852	2103.62	411.502	324.967	2269.48	633.276	325.375
8.1	2028.59	795.828	325.014	1883.39	559.668	324.58	2121.05	415.692	325.025	2266.7	651.063	325.294
8.15	2012.52	791.409	324.828	1888.6	543.507	324.158	2137.93	421.069	324.74	2261.98	668.415	324.99
8.2	1996.9	786.769	324.735	1894.82	528.092	324.284	2154.17	428.431	325.429	2256.11	685.565	324.785
8.25	1981.66	780.318	325.082	1902.91	513.857	324.647	2169.74	437.255	325.341	2248.69	702.405	325.16
8.3	1966.86	772.467	324.937	1911.72	499.952	324.419	2184.43	447.145	325.386	2239.74	718.176	325.119
8.35	1952.66	763.09	325.043	1921.85	486.769	324.437	2197.78	458.025	325.605	2229.32	733.142	325.013
8.4	1940.15	752.512	324.704	1933.03	474.578	324.446	2211	470.679	325.534	2217.78	746.943	325.076
8.45	1927.94	740.927	324.68	1945.16	463.485	324.605	2222.27	484.068	325.615	2204.91	759.752	324.995
8.5	1916.85	728.734	324.665	1958.29	453.561	324.564	2232.36	497.952	325.519	2190.76	771.522	325.192
8.55	1906.66	714.836	324.631	1972.08	444.266	324.634	2241.23	512.969	325.565	2175.95	781.593	325.191
8.6	1897.84	700.346	324.59	1986.72	436.628	324.467	2248.7	528.465	325.255	2160.19	790.49	324.873
8.65	1890.23	685.259	324.326	2001.28	430.372	324.717	2254.87	544.662	325.563	2143.19	798.27	324.91
8.7	1883.84	669.504	324.569	2017.11	425.233	324.948	2259.17	561.589	325.54	2125.92	804.066	325.123
8.75	1878.72	653.026	324.651	2032.7	421.569	324.805	2262.06	578.879	325.252	2108.04	808.601	324.794
8.8	1875.23	636.604	324.483	2048.77	419.172	324.85	2263.41	595.615	325.513	2089.51	811.72	324.678
8.85	1873.2	619.344	324.65	2065.05	418.264	324.896	2263.99	613.481	325.683	2071.63	812.925	324.87
8.9	1872.5	602.144	324.53	2081.87	419.102	325.464	2261.91	630.168	325.338	2053.08	812.334	324.684
8.95	1873.38	585.568	324.88	2097.59	420.468	325.172	2258.75	646.942	325.416	2034.69	810.289	324.69
9	1875.89	567.861	324.682	2113.68	423.456	325.063	2254.04	663.342	325.343	2016.61	806.62	324.69
9.05	1879.57	550.674	324.016	2128.52	427.936	325.052	2247.54	679.021	325.07	1998.96	800.593	324.371
9.1	1884.2	534.086	324.343	2143.46	433.95	325.53	2239.99	694.59	324.827	1981.63	794.554	324.516
9.15	1891.04	518.503	324.659	2157.79	441.364	325.497	2231.04	709.426	325.198	1965.03	786.216	324.699
9.2	1898.63	503.17	324.426	2171.28	449.735	325.534	2220.72	723.245	325.134	1949.05	776.474	324.567
9.25	1907.7	488.379	324.454	2183.7	459.053	325.715	2209.22	735.93	325.113	1934.1	764.842	324.535
9.3	1917.94	474.47	324.493	2196	469.958	325.743	2196.66	747.535	325.122	1920.38	752.436	324.297
9.35	1929.29	461.639	324.576	2206.49	481.442	325.745	2183.04	758.083	325.02	1907.49	738.774	324.231
9.4	1941.78	449.936	324.585	2216.07	493.574	325.705	2168.41	767.497	325.286	1895.89	724.434	324.278
9.45	1955.19	438.718	324.651	2224.6	506.695	325.648	2153.18	775.221	325.042	1885.4	708.333	324.242
9.5	1969.59	429.217	324.374	2231.78	520.187	325.349	2137.12	781.755	324.658	1876.47	691.643	324.144
9.55	1984.05	420.999	324.649	2237.89	534.587	325.791	2120.34	786.953	325.059	1868.82	674.271	324.196
9.6	1999.72	413.976	324.933	2242.5	549.622	325.62	2103.58	790.503	324.986	1862.74	656.291	324.217
9.65	2015.23	408.29	324.917	2245.61	564.964	325.434	2086.15	792.664	324.772	1858.04	637.639	324.36
9.7	2032.1	404.155	324.757	2247.4	579.791	325.727	2068.39	793.393	324.707	1855.29	619.102	324.108
9.75	2048.73	401.326	324.843	2248.61	595.827	325.898	2051.55	792.424	324.885	1854.12	599.767	324.229
9.8	2066.07	400.465	325.312	2247.3	610.693	325.57	2034.11	789.688	324.735	1854.32	580.532	324.142
9.85	2082.79	400.038	325.05	2245.14	625.796	325.658	2017.02	785.638	324.75	1856.31	561.987	324.505
9.9	2099.73	401.381	325.072	2241.63	640.622	325.569	2000.45	780.039	324.827	1860.19	542.402	324.432
9.95	2116.01	404.202	325.043	2236.27	654.694	325.049	1984.45	772.255	324.384	1865.26	523.536	323.686
10	2131.84	408.473	325.463	2230.19	669.198	325.246	1968.79	764.726	324.58	1871.53	505.389	323.955
10.05	2147.84	414.747	325.52	2222.7	682.686	325.438	1954.17	754.898	324.804	1880.08	488.382	324.299
10.1	2162.8	421.776	325.561	2213.96	695.461	325.325	1940.51	743.385	324.437	1889.45	471.806	323.989
10.15	2177.03	430.14	325.715	2204.18	707.128	325.376	1927.68	731.212	324.449	1900.53	455.824	324.104
10.2	2190.97	440.058	325.776	2193.42	717.985	325.352	1915.87	717.911	324.39	1912.78	441.056	324.076
10.25	2203.22	450.763	325.828	2181.68	727.809	325.311	1905.24	703.571	324.351	1926.19	427.696	324.332
10.3	2214.69	462.127	325.735	2168.85	736.81	325.519	1895.97	688.786	324.406	1940.85	414.985	324.051
10.35	2225.13	474.813	325.727	2155.68	744.111	325.391	1887.82	672.301	324.319	1956.39	403.635	324.231
10.4	2234.18	487.899	325.482	2141.41	750.6	325.08	1881.29	655.579	324.09	1972.81	394.007	324.193
10.45	2242.36	502.399	325.994	2126.7	755.816	325.285	1875.97	638.29	324.272	1989.71	385.731	324.293
10.5	2249.02	517.326	325.736	2111.84	759.527	325.338	1872.2	620.599	324.339	2007.65	378.828	324.561
10.55	2254.19	532.788	325.599	2096.42	762.123	325.046	1869.79	602.526	324.381	2025.36	373.503	324.526
10.6	2257.84	547.973	325.894	2080.6	763.119	325.059	1869.37	584.453	324.276	2044.29	369.959	324.385
10.65	2260.98	564.615	325.945	2065.47	763.158	325.14	1870.18	566.298	324.263	2063.28	367.872	324.739
10.7	2261.59	580.247	325.641	2049.8	761.257	324.96	1872.46	548.1	324.221	2082.62	367.99	325.172
10.75	2261.17	596.215	325.616	2034.4	758.242	325	1876.42	530.591	324.434	2101.02	368.707	324.69
10.8	2259.34	612.121	325.572	2019.32	753.827	325.031	1882.03	512.71	324.412	2120.05	371.111	324.674
10.85	2255.84	627.307	325.184	2004.79	747.424	324.613	1888.7	495.408	323.603	2137.74	375.514	324.921
10.9	2251.18	642.875	325.199	1990.45	741.155	324.816	1896.6	478.943	324.019	2155.45	381.464	325.118
10.95	2245.2	657.962	325.512	1977.11	732.907	325.053	1906.5	463.835	324.356	2172.7	389.338	325.293
11	2237.69	672.332	325.375	1964.1	723.478	324.967	1917.15	449.293	324.147	2188.86	398.109	325.441
11.05	2229.16	685.582	325.478	1952.48	712.615	324.756	1929.21	435.449	324.198	2204.37	408.451	325.533
11.1	2219.31	698.245	325.422	1941.57	701.075	324.655	1942.25	422.888	324.172	2219.3	420.405	325.631
11.15	2208.45	709.904	325.36	1931.6	688.574	324.497	1956.27	411.725	324.517	2232.45	433.094	325.522
11.2	2196.36	720.776	325.573	1922.6	675.691	324.794	1971.34	401.45	324.29	2243.87	446.38	325.927
11.25	2183.7	730.095	325.457	1914.82	661.204	324.586	1987.02	392.479	324.393	2254.85	461.169	325.792
11.3	2169.86	738.576	325.35	1908.33	646.401	324.28	2003.51	384.973	324.486	2264.19	476.391	325.549
11.35	2155.54	745.748	325.625	1902.87	630.999	324.424	2020.42	378.913	324.469	2272.28	493.046	326.055
11.4	2140.45	751.569	325.346	1898.95	615.416	324.521	2038.11	374.258	324.764	2278.84	510.221	325.806
11.45	2124.75	756.143	325.081	1896.1	599.221	324.635	2055.36	371.162	324.899	2283.77	527.894	325.579
11.5	2108.76	759.44	324.984	1894.97	583.112	324.498	2073.71	369.771	324.85	2287.31	545.462	325.699
11.55	2093.03	761.254	325.214	1895.06	566.652	324.502	2091.68	369.886	324.991	2289.69	564.095	325.903
11.6	2076.63	761.246	325.044	1896.52	550.4	324.534	2109.73	371.912	325.389	2289.31	581.626	325.571
11.65	2060.34	760.096	325.047	1899.33	534.527	324.655	2126.72	374.572	324.99	2288.23	599.833	325.324
11.7	2044.29	757.489	325.06	1903.7	518.175	324.648	2144.39	378.779	324.796	2285.05	617.481	325.315
11.75	2028.55	752.661	324.594	1909.09	502.295	323.83	2160.64	384.735	324.989	2280.21	634.27	324.985
11.8	2012.97	748.128	324.884	1915.44	487.241	324.245	2176.57	392.254	325.4	2274.12	651.496	324.951
11.85	1998.16	741.35	325.121	1923.79	473.336	324.641	2191.97	401.32	325.451	2266.52	667.917	325.208
11.9	1983.6	733.347	324.959	1932.76	459.846	324.426	2206.37	411.352	325.509	2257.28	683.643	325.066
11.95	1969.97	724.078	324.985	1942.97	446.92	324.46	2219.66	422.549	325.651	2246.98	698.026	325.168
12	1957.44	713.541	324.905	1954.16	435.096	324.427	2232.49	435.251	325.745	2235.25	711.676	325.122
12.05	1945.73	701.576	324.602	1966.31	424.566	324.771	2243.49	448.533	325.64	2222.44	724.182	325.055
12.1	1934.92	689.386	324.721	1979.42	414.642	324.565	2253.28	462.542	325.679	2208.33	735.673	325.29
12.15	1925.01	675.501	324.655	1993.09	405.829	324.629	2261.95	477.508	325.693	2193.52	745.475	325.225
12.2	1916.45	661.092	324.359	2007.73	398.357	324.636	2269.15	492.844	325.242	2177.63	754.29	325.092
12.25	1909.04	646.138	324.528	2022.5	392.136	324.699	2275.15	509.321	325.817	2161.23	761.583	325.372
12.3	1902.98	630.458	324.568	2038.31	387.204	324.955	2279.27	525.978	325.646	2143.91	767.293	325.166
12.35	1898	614.104	324.71	2053.62	383.665	324.964	2282.15	543.099	325.402	2126.23	771.641	324.849
12.4	1894.88	597.731	324.532	2070.11	381.508	325.092	2283.23	559.675	325.686	2107.92	774.375	324.79
12.45	1892.95	580.832	324.608	2086.09	380.79	325.123	2283.73	577.428	325.798	2090.25	775.838	324.947
12.5	1892.34	563.843	324.528	2102.64	381.811	325.545	2281.59	593.974	325.403	2071.83	775.075	324.689
12.55	1893.26	547.274	324.788	2118.02	383.298	325.175	2278.39	610.61	325.412	2053.68	773.015	324.708
12.6	1895.82	529.831	324.724	2134.18	386.208	325.03	2273.67	626.882	325.399	2035.8	769.315	324.741
12.65	1899.4	512.837	323.837	2148.88	390.881	325.148	2267.21	642.196	325.003	2018.35	763.319	324.256
12.7	1904.15	496.435	324.298	2163.56	396.767	325.569	2259.78	657.655	324.842	2001.23	757.209	324.515
12.75	1910.91	481.108	324.658	2177.79	404.189	325.588	2250.98	672.444	325.291	1984.9	749.078	324.768
12.8	1918.46	466.021	324.422	2191.2	412.498	325.66	2240.7	686.308	325.155	1969.08	739.475	324.609
12.85	1927.48	451.381	324.475	2203.63	421.8	325.804	2229.48	698.784	325.202	1954.21	728.308	324.67
12.9	1937.56	437.689	324.462	2215.71	432.529	325.83	2217	710.393	325.177	1940.82	715.813	324.374
12.95	1948.75	425.008	324.626	2226.26	444.028	325.908	2203.67	720.829	325.131	1928.04	702.295	324.327
13	1961.1	413.441	324.63	2235.82	455.983	325.803	2189.23	730.254	325.327	1916.53	688.205	324.354
13.05	1974.2	402.425	324.634	2244.36	468.981	325.77	2174.31	737.909	325.249	1906.13	672.304	324.249
13.1	1988.28	392.986	324.576	2251.53	482.441	325.535	2158.46	744.561	325.032	1897.2	655.845	324.05
13.15	2002.84	384.609	324.668	2257.68	496.654	325.963	2141.94	749.838	325.109	1889.5	638.625	324.128
13.2	2018.47	377.524	324.919	2262.34	511.452	325.779	2125.34	753.5	325.11	1883.47	621.023	324.231
13.25	2033.82	371.771	324.913	2265.65	526.664	325.594	2108.17	755.782	324.836	1878.65	602.594	324.368
13.3	2050.27	367.514	324.812	2267.55	541.319	325.879	2090.6	756.752	324.788	1875.82	584.346	324.117
13.35	2067.14	364.563	325.096	2268.93	557.213	326.002	2073.94	756.045	324.946	1874.45	565.304	324.207
13.4	2084.18	363.71	325.407	2267.83	572.167	325.669	2056.68	753.508	324.753	1874.47	546.288	324.133
13.45	2100.62	363.236	325.013	2265.85	587.07	325.664	2039.8	749.741	324.77	1876.21	527.891	324.443
13.5	2117.31	364.371	325.059	2262.56	601.836	325.606	2023.3	744.467	324.835	1879.77	508.53	324.347
13.55	2133.68	366.641	324.985	2257.6	615.949	325.258	2007.44	737.047	324.606	1884.6	489.698	323.736
13.6	2149.68	371.044	325.561	2251.73	630.093	325.153	1991.89	729.513	324.466	1890.55	471.705	323.89
13.65	2165.38	376.896	325.56	2244.64	643.756	325.519	1977.24	720.322	324.854	1898.7	454.759	324.266
13.7	2180.42	383.731	325.592	2236.29	656.493	325.474	1963.4	709.563	324.729	1907.85	438.204	324.081
13.75	2194.31	391.492	325.937	2226.8	668.388	325.451	1950.54	697.236	324.528	1918.46	422.371	324.066
13.8	2208.35	401.074	325.718	2216.33	679.372	325.441	1938.81	684.415	324.434	1930.36	407.583	324.088
13.85	2221.17	411.839	325.997	2204.94	689.345	325.377	1928.03	670.491	324.406	1943.37	394.025	324.216
13.9	2232.65	422.844	325.785	2192.55	698.501	325.545	1918.62	656.114	324.465	1957.56	381.576	324.235
13.95	2242.82	434.869	326.085	2179.69	706.051	325.594	1910.23	639.989	324.33	1972.6	370.054	324.292
14	2252.18	447.852	325.888	2165.99	712.734	325.237	1903.32	623.442	324.128	1989.01	359.746	324.034
14.05	2260.76	461.885	326.174	2151.72	718.416	325.536	1897.65	606.262	324.196	2005.47	351.329	324.262
14.1	2267.85	476.82	325.937	2136.65	722.48	325.387	1893.69	589.33	324.32	2022.98	344.169	324.421
14.15	2273.49	492.068	325.727	2121.71	725.364	325.285	1890.94	571.483	324.41	2040.77	338.439	324.623
14.2	2277.44	507.067	326.042	2105.87	727.124	325	1889.79	553.784	324.26	2059.2	334.28	324.86
14.25	2280.92	523.266	326.053	2091.05	727.432	325.161	1890.33	535.744	324.266	2078.07	331.928	324.793
14.3	2282.3	539.222	325.856	2075.49	725.976	325	1892.18	517.782	324.231	2096.99	331.576	325.089
14.35	2282.15	555.024	325.651	2060.18	723.458	325.023	1895.51	500.727	324.626	2115.45	332.168	325.073
14.4	2280.86	570.695	325.639	2045.24	719.546	325.094	1900.63	482.483	324.431	2134.06	333.906	324.607
14.45	2278.14	586.311	325.583	2030.82	714.12	324.933	1906.81	465.147	323.764	2152.24	337.577	324.936
14.5	2273.48	600.873	325.322	2016.25	707.492	324.667	1914.21	449.07	324.127	2170	343.334	325.483
14.55	2268.52	616.553	325.605	2002.96	700.306	325.135	1923.26	433.308	324.204	2187.03	350.198	325.384
14.6	2261.69	630.894	325.542	1989.86	691.551	324.956	1933.49	418.776	324.185	2203.45	358.565	325.511
14.65	2253.56	644.569	325.512	1977.48	681.424	325.111	1944.92	404.845	324.228	2218.69	368.023	325.799
14.7	2244.39	657.42	325.54	1966.76	670.123	324.657	1957.4	392.018	324.221	2233.96	379.348	325.58
14.75	2234.09	669.42	325.424	1956.47	658.193	324.644	1970.92	380.306	324.297	2248.21	392.097	325.919
14.8	2222.59	680.657	325.575	1947.26	645.739	324.666	1985.15	370.471	324.863	2260.33	404.829	325.658
14.85	2210.41	690.373	325.617	1938.97	631.776	324.611	2000.7	360.332	324.387	2270.92	418.742	326.138
14.9	2197.15	699.315	325.32	1932.02	617.476	324.604	2017.15	352.06	324.147	2281.1	433.901	325.864
14.95	2183.41	707.127	325.637	1926.09	602.261	324.386	2033.27	345.713	324.466	2289.69	449.39	325.883
15	2168.5	713.459	325.493	1921.62	587.289	324.593	2050.65	340.494	324.75	2296.69	466.412	326.125
15.05	2153.51	718.652	325.367	1918.27	571.529	324.551	2067.97	336.866	324.768	2302.58	483.771	325.819
15.1	2137.66	722.738	325.044	1916.12	555.622	324.527	2085.44	334.362	325.125	2306.82	501.142	325.884
15.15	2122.23	725.235	325.234	1915.79	539.473	324.51	2103.52	333.932	325.016	2309.83	519.296	325.954
15.2	2105.98	725.984	325.075	1916.53	523.36	324.498	2121.49	335.26	325.257	2310.51	537.197	325.872
15.25	2089.94	725.634	325.096	1918.55	507.706	324.773	2138.64	337.443	325.286	2310.13	555.114	325.44
15.3	2073.98	723.9	325.074	1922.08	491.427	324.512	2155.76	341.191	324.917	2307.97	572.983	325.389
15.35	2058.14	720.766	325.076	1926.8	475.551	324.255	2173	346.049	324.878	2304.28	590.327	325.398
15.4	2042.64	715.697	324.564	1932.78	460.589	324.182	2189.09	352.951	325.596	2298.84	606.826	324.781
15.45	2027.57	710.504	325.189	1939.89	446.159	324.388	2204.29	361.042	325.685	2292.23	623.984	325.299
15.5	2013.23	703.417	325.183	1948.52	432.642	324.678	2219.3	370.54	325.583	2284.11	639.82	325.274
15.55	1998.91	694.935	325.13	1957.8	419.739	324.441	2232.81	380.863	325.808	2274.37	655.163	325.074
15.6	1986.04	685.634	324.991	1968.36	407.568	324.49	2246.08	392.845	325.701	2263.73	669.141	325.225
15.65	1973.94	675.075	325.006	1979.72	396.537	324.504	2258.35	406.117	326.026	2251.78	682.362	325.128
15.7	1962.85	663.051	324.641	1991.99	386.896	325.052	2268.52	419.297	325.75	2238.56	694.623	325.281
15.75	1952.55	650.272	324.566	2005.49	377.133	324.578	2277.86	433.822	325.864	2224.55	705.269	325.351
15.8	1943.17	636.706	324.665	2019.64	368.831	324.337	2286.02	449.094	325.747	2209.47	714.996	325.029
15.85	1935.07	621.985	324.226	2033.87	362.333	324.781	2292.55	464.327	325.321	2193.59	723.358	325.142
15.9	1928.3	607.542	324.632	2048.9	356.739	324.857	2298.1	481.275	326.101	2177.1	730.3	325.439
15.95	1922.74	592.072	324.621	2064.51	352.535	324.979	2301.83	498.054	325.668	2159.96	735.627	325.099
16	1918.19	576.162	324.597	2079.93	349.379	325.28	2304.14	514.911	325.671	2142.1	739.853	324.909
16.05	1915.53	559.905	324.569	2096.13	348.063	325.15	2304.94	531.892	325.844	2124.39	742.061	324.961
16.1	1914.04	543.434	324.573	2112.13	348.064	325.286	2304.81	549.571	325.889	2106.65	743.15	324.943
16.15	1913.85	527.158	324.725	2128.13	349.477	325.704	2302.46	565.844	325.459	2088.61	742.298	324.691
16.2	1915.15	510.43	324.565	2143.28	351.668	325.163	2298.87	582.574	325.449	2070.68	740.068	324.737
16.25	1917.98	493.714	324.679	2159.39	354.969	325.144	2293.86	598.766	325.439	2053.15	736.235	324.767
16.3	1921.84	477.258	323.913	2173.91	360.241	325.491	2287.29	613.783	324.895	2036.14	730.155	324.016
16.35	1926.9	461.373	324.336	2188.09	366.417	325.65	2279.72	629.364	325.219	2019.26	724.233	324.664
16.4	1933.87	446.63	324.691	2202.1	374.284	325.706	2270.75	643.91	325.337	2003.41	716.034	324.815
16.45	1941.48	432.148	324.415	2215.06	382.831	325.795	2260.32	657.734	325.106	1987.8	706.39	324.714
16.5	1950.58	418.107	324.513	2227.45	392.635	325.885	2249.17	669.969	325.305	1973.56	695.753	324.667
16.55	1960.69	405.1	324.477	2239.28	403.704	325.996	2236.85	681.536	325.174	1960.55	683.268	324.376
16.6	1971.83	393.209	324.854	2249.41	415.241	326.001	2223.52	691.987	325.154	1948.14	670.019	324.23
16.65	1984.15	381.876	324.642	2258.67	427.503	325.948	2209.16	701.374	325.366	1936.86	656.296	324.492
16.7	1997.23	371.523	324.652	2266.91	440.64	325.891	2194.47	709.037	325.266	1926.88	640.775	324.298
16.75	2011.29	362.492	324.651	2273.92	454.132	325.632	2178.76	715.743	325.164	1918.24	624.762	323.9
16.8	2025.75	354.665	324.657	2279.99	468.659	326.191	2162.73	721.04	325.422	1910.76	607.973	324.122
16.85	2041.18	348.041	324.953	2284.46	483.459	325.922	2146.14	724.855	325.16	1904.95	590.93	324.234
16.9	2056.52	342.673	325.079	2287.71	498.668	325.77	2129.32	727.31	324.882	1900.36	573.023	324.355
16.95	2072.97	338.851	325.149	2289.51	513.521	326.015	2111.99	728.394	324.823	1897.64	555.227	324.164
17	2089.37	336.287	325.187	2290.94	529.526	326.065	2095.67	728.132	324.966	1896.29	536.863	324.194
17.05	2106.19	335.741	325.506	2289.86	544.471	325.806	2078.67	725.801	324.771	1896.45	518.462	324.159
17.1	2122.36	335.646	325.141	2287.87	559.488	325.718	2062.02	722.389	324.812	1898.15	500.504	324.401
17.15	2138.93	336.892	324.923	2284.72	574.33	325.666	2045.83	717.529	324.844	1901.61	481.767	324.329
17.2	2155.13	339.697	325.185	2280.02	588.509	325.351	2030.14	710.607	324.58	1906.25	463.468	323.633
17.25	2170.94	344.189	325.699	2274.33	602.698	325.252	2014.91	703.387	324.457	1912.17	446.224	323.974
17.3	2186.32	350.011	325.659	2267.49	616.458	325.577	2000.56	694.859	324.919	1920.02	429.636	324.193
17.35	2201.16	356.904	325.753	2259.38	629.318	325.514	1986.72	684.814	324.749	1928.98	413.638	324.105
17.4	2214.88	364.74	326.043	2250.18	641.399	325.497	1973.76	673.321	324.821	1939.3	398.347	324.106
17.45	2228.86	374.316	325.907	2240.06	652.613	325.51	1962.54	660.71	324.42	1950.82	383.975	324.11
17.5	2241.81	385.201	326.172	2229.05	662.903	325.432	1951.83	647.466	324.418	1963.48	370.774	324.204
17.55	2253.12	396.012	325.953	2217.01	672.365	325.555	1942.4	633.726	324.548	1977.14	358.961	324.63
17.6	2263.49	408.076	326.122	2204.43	680.261	325.684	1934.04	618.292	324.298	1992.13	347.279	324.183
17.65	2273.14	421.317	325.975	2191.06	687.455	325.271	1926.93	602.495	324.262	2008.13	337.188	323.932
17.7	2281.8	435.067	325.971	2177.28	693.477	325.586	1921.25	586.016	324.196	2024.18	329.006	324.341
17.75	2289.03	449.892	326.178	2162.69	698.117	325.545	1916.94	569.683	324.338	2041.39	321.894	324.536
17.8	2294.76	464.966	325.862	2148.02	701.542	325.354	1914.05	552.644	324.34	2059.05	316.419	324.568
17.85	2299.16	480.047	326.029	2132.56	703.864	325.161	1912.36	535.373	324.301	2076.7	311.97	324.976
17.9	2302.72	495.879	326.162	2117.81	704.665	325.166	1912.61	517.986	324.282	2095.37	309.646	324.863
17.95	2304.87	512.306	326.125	2102.83	704.349	325.148	1914.11	500.688	324.254	2114.02	308.937	325.013
18	2305.1	527.847	325.74	2087.72	702.378	325.019	1916.92	483.961	324.574	2132.5	309.733	325.41
18.05	2304.27	543.997	325.696	2073.04	699.24	325.138	1921.52	466.422	324.417	2150.5	311.572	324.715
18.1	2302	559.466	325.886	2058.57	694.886	325.01	1927.31	449.661	324.131	2169.13	314.652	324.882
18.15	2298.57	574.519	325.187	2044.25	688.617	324.457	1934.26	433.697	323.862	2186.7	320.015	325.588
18.2	2293.84	590.268	325.682	2030.79	682.45	325.062	1942.52	418.051	324.137	2203.53	326.296	325.536
18.25	2287.72	604.942	325.621	2018.15	674.741	325.167	1952.21	404.015	324.055	2220.1	334.825	325.452
18.3	2280.16	619.244	325.423	2005.57	665.648	325.069	1963.04	390.604	324.183	2235.32	344.172	325.352
18.35	2271.83	632.302	325.589	1994.43	655.8	324.97	1975.01	377.818	324.311	2250.55	355.075	325.386
18.4	2262.29	644.922	325.434	1984.36	644.558	324.788	1987.89	366.205	324.333	2265.07	367.303	325.53
18.45	2251.6	656.615	325.54	1974.88	632.537	324.576	2001.7	355.989	324.766	2277.53	379.956	325.614
18.5	2240.04	667.344	325.747	1966.36	620.335	324.828	2016.68	346.294	324.354	2288.94	393.54	325.665
18.55	2227.67	676.92	325.43	1958.95	606.652	324.657	2032.44	337.75	324.209	2299.49	408.432	325.695
18.6	2214.35	685.598	325.461	1952.76	592.576	324.264	2048.64	331.184	324.885	2308.61	423.746	325.383
18.65	2200.54	693.057	325.723	1947.53	578.065	324.488	2065.13	325.763	324.871	2316.71	440.425	326.091
18.7	2185.89	699.14	325.516	1943.87	563.577	324.545	2082.21	321.802	324.884	2323.07	457.44	325.847
18.75	2171.05	704.175	325.38	1941.14	548.454	324.599	2099.07	319.117	325.116	2328.14	475.178	325.495
18.8	2155.73	707.954	325.243	1940.08	533.215	324.518	2116.94	318.223	325.098	2332.15	492.477	325.943
18.85	2140.69	710.487	325.604	1940.04	517.865	324.514	2134.44	318.606	325.201	2334.81	510.978	326.206
18.9	2124.59	711.183	325.071	1941.42	502.65	324.551	2152.14	321.193	325.605	2334.89	528.718	325.774
18.95	2108.9	710.821	325.069	1943.9	487.876	324.829	2168.74	324.191	324.999	2333.98	546.886	325.437
19	2093.4	709.081	325.124	1947.97	472.352	324.655	2186.04	328.395	324.753	2331.35	564.652	325.493
19.05	2078.2	705.555	324.787	1953.06	457.386	323.889	2202.26	334.276	325.392	2327.36	581.629	325.331
19.1	2062.97	701.433	324.814	1958.99	443.306	324.29	2217.93	341.837	325.911	2321.85	598.6	324.99
19.15	2048.75	696.196	325.252	1966.64	430.017	324.555	2232.79	351.045	325.397	2315.05	615.478	325.378
19.2	2034.67	689.391	325.191	1975.3	417.439	324.723	2247	361.015	325.345	2306.85	631.301	325.288
19.25	2020.96	681.267	325.179	1984.66	405.385	324.604	2260	371.742	325.629	2297.3	646.284	325.242
19.3	2008.61	672.361	324.985	1995.16	394.094	324.626	2272.93	384.081	325.449	2286.63	660.32	325.228
19.35	1996.94	662.242	325.018	2006.59	383.798	324.604	2284.72	397.505	325.76	2274.9	673.37	325.169
19.4	1986.23	651.098	324.957	2018.86	374.896	325.104	2294.68	410.867	325.443	2261.92	685.469	325.302
19.45	1976.68	638.534	324.615	2032.14	365.907	324.528	2303.75	425.55	325.591	2248.19	696.171	325.398
19.5	1967.81	625.592	324.734	2046.2	358.253	324.338	2311.7	440.86	325.514	2233.56	705.917	325.115
19.55	1959.96	611.468	324.296	2060.48	352.357	325.186	2318.09	456.267	325.125	2218.13	714.281	325.225
19.6	1953.6	597.833	324.674	2075.13	347.348	325.146	2323.68	473.029	325.925	2202.21	721.369	325.482
19.65	1948.31	583.089	324.644	2090.31	343.735	325.075	2327.56	489.467	325.78	2185.51	726.945	325.134
19.7	1943.99	567.888	324.619	2105.47	340.912	325.454	2330.07	506.271	325.792	2168.27	731.478	324.899
19.75	1941.49	552.41	324.576	2121.42	339.97	325.322	2330.9	523.105	325.96	2151.21	733.849	325.23
19.8	1940.12	536.767	324.591	2137.09	340.185	325.463	2331	540.745	326.013	2133.85	735.57	324.983
19.85	1939.88	521.147	324.74	2152.98	341.981	325.797	2328.79	556.979	325.537	2116.25	735.036	324.767
19.9	1941.08	505.205	324.671	2167.76	344.387	325.248	2325.49	573.755	325.553	2098.89	733.345	324.759
19.95	1943.77	489.204	324.716	2183.62	347.765	325.113	2320.98	589.938	325.599	2081.82	730.166	324.766
20	1947.53	473.331	323.89	2197.81	352.907	325.54	2314.91	605.062	325.128	2065.2	724.67	324.188
20.05	1952.29	458.179	324.38	2212.07	359.23	325.962	2307.8	620.605	325.119	2048.75	719.294	324.575
20.1	1958.92	443.961	324.693	2225.97	366.956	325.798	2299.43	635.303	325.375	2033.27	712.09	324.88
20.15	1966.3	430.072	324.536	2239.04	375.459	325.875	2289.71	649.196	325.213	2018.16	703.468	324.663
20.2	1974.93	416.6	324.591	2250.92	384.689	326.135	2279.16	661.702	325.328	2003.8	693.305	324.804
20.25	1984.6	403.932	324.638	2262.92	395.578	326.029	2267.49	673.484	325.309	1990.95	682.523	324.708
20.3	1995.33	392.114	324.704	2273.42	407.12	326.096	2254.95	684.216	325.218	1978.8	669.874	324.549
20.35	2006.94	381.645	325.15	2282.79	418.961	325.902	2241.47	693.959	325.295	1967.86	656.738	324.394
20.4	2019.71	371.043	324.663	2291.39	431.787	326.051	2227.4	702.175	325.408	1957.69	642.197	324.331
20.45	2033.42	361.876	324.453	2298.93	445.095	325.961	2212.4	709.549	325.098	1948.86	627.164	324.265
20.5	2047.3	354.272	324.868	2305.38	458.877	326.039	2197.36	715.55	325.385	1941.24	611.077	324.044
20.55	2062.25	347.511	325.032	2310.46	473.669	326.196	2181.24	719.989	325.27	1935.15	595.229	324.271
20.6	2077.39	342.148	325.009	2314.29	488.574	325.862	2165.22	723.266	325.137	1930.34	578.434	324.269
20.65	2092.71	337.553	325.449	2316.81	503.279	326.041	2148.51	725.326	324.997	1926.65	561.205	324.235
20.7	2109.05	334.926	325.29	2318.69	518.615	326.154	2132.55	725.875	324.987	1924.96	543.738	324.216
20.75	2125.45	333.651	325.438	2318.85	534.05	326.037	2116.04	724.795	324.849	1924.47	526.181	324.211
20.8	2141.54	333.416	325.622	2317.68	548.718	325.662	2099.94	722.465	324.77	1925.32	508.916	324.479
20.85	2157.09	334.319	325.375	2315.32	563.834	325.752	2083.96	718.813	324.812	1927.76	490.963	324.23
20.9	2174.11	336.105	325.107	2311.83	578.416	325.794	2068.46	713.802	324.845	1931.52	473.593	324.035
20.95	2189.56	339.977	325.792	2306.96	592.019	325.152	2053.56	706.655	324.156	1936.98	456.086	323.69
21	2204.78	344.806	325.77	2301.22	606.324	325.577	2038.83	699.834	324.851	1943.3	439.472	323.998
21.05	2220.01	351.229	325.829	2294.23	619.618	325.608	2025.35	691.163	324.937	1951.61	424.037	324.366
21.1	2234.38	358.498	325.89	2285.99	632.425	325.412	2012.18	681.28	324.751	1960.74	408.951	324.169
21.15	2247.29	367.316	325.567	2277.05	643.971	325.533	2000.08	670.274	324.794	1971.21	394.491	324.21
21.2	2261.01	377.113	325.692	2267.09	654.949	325.506	1989.17	658.461	324.841	1982.86	380.995	324.285
21.25	2273.04	387.688	325.825	2256.3	664.997	325.435	1979.32	644.958	324.546	1995.5	368.858	324.562
21.3	2284.36	398.995	325.621	2244.51	674.244	325.526	1970.46	631.493	324.541	2009.36	357.178	324.516
21.35	2294.52	411.217	325.774	2232.37	682.126	325.617	1962.61	616.619	324.407	2024.05	346.494	324.3
21.4	2303.91	424.207	325.438	2219.15	689.317	325.386	1955.94	601.262	324.232	2039.82	337.175	324.17
21.45	2312.31	438.088	325.71	2205.95	695.215	325.612	1950.69	585.459	324.302	2056.2	329.46	324.784
21.5	2319.37	452.688	325.885	2191.76	699.825	325.567	1946.79	569.792	324.345	2072.93	322.877	324.754
21.55	2324.88	467.82	325.508	2177.58	703.307	325.41	1944.18	553.398	324.33	2090.17	317.893	324.741
21.6	2329.37	482.691	325.756	2162.67	705.757	325.286	1942.69	536.792	324.348	2107.5	313.844	325.185
21.65	2333.29	498.089	326.241	2148.62	706.71	325.471	1943.05	520.097	324.301	2125.85	311.866	325.053
21.7	2335.39	514.126	326.175	2133.91	706.632	325.319	1944.64	503.557	324.363	2144.27	311.438	325.175
21.75	2335.82	529.562	325.667	2119.16	705.11	325.043	1947.4	487.486	324.641	2162.38	312.405	325.501
21.8	2335.06	545.603	325.772	2104.91	702.349	325.167	1951.81	470.64	324.501	2179.72	314.361	324.865
21.85	2333.38	561.062	325.856	2090.94	698.425	325.089	1957.42	454.608	324.353	2198.01	317.451	325.112
21.9	2330.03	575.881	325.345	2077	692.759	324.523	1964.02	439.117	323.875	2214.91	322.885	325.178
21.95	2325.65	591.315	325.666	2063.83	687.082	324.953	1971.96	424.147	324.152	2231.53	329.344	325.2
22	2320.03	606.034	325.718	2051.48	679.938	325.248	1981.54	410.54	324.538	2247.9	337.333	325.271
22.05	2313.04	620.312	325.493	2039.33	671.654	325.047	1991.71	397.439	324.379	2263.5	346.389	325.367
22.1	2305.25	633.407	325.602	2028.05	662.223	325.091	2003.27	384.812	324.437	2278.11	356.513	325.557
22.15	2296.21	646.033	325.553	2017.94	652.226	325.001	2015.8	373.301	324.448	2292.2	368.044	325.803
22.2	2286.18	657.789	325.466	2008.38	640.844	324.923	2029.05	363.178	324.714	2305.14	380.567	325.829
22.25	2275.09	668.771	325.566	1999.76	629.51	325.319	2043.4	353.875	324.75	2316.97	393.848	325.653
22.3	2263.33	678.511	325.707	1992.65	616.042	324.868	2058.67	345.311	324.747	2327.49	408.255	325.98
22.35	2250.65	687.539	325.475	1986.26	602.383	324.566	2074.68	338.229	324.845	2337.23	423.29	325.594
22.4	2237.64	695.402	325.666	1980.91	588.304	324.479	2090.5	332.654	325.102	2345.6	438.928	325.726
22.45	2223.52	701.911	325.577	1976.88	574.555	324.655	2107.1	328.374	325.028	2352.44	455.74	326.013
22.5	2209.25	707.359	325.425	1973.93	559.981	324.665	2123.9	325.482	325.063	2358	473.011	325.517
22.55	2194.15	711.749	325.293	1971.98	545.202	324.659	2140.66	323.558	325.471	2362.38	490.031	325.752
22.6	2179.79	714.647	325.534	1971.74	530.344	324.621	2158.26	323.662	325.302	2365.68	507.987	325.861
22.65	2164.38	716.199	325.441	1972.57	515.574	324.694	2175.72	325.39	325.576	2366.68	525.547	325.899
22.7	2149.1	716.531	325.37	1974.38	501.009	324.893	2192.44	327.755	325.639	2366.66	542.757	325.598
22.75	2133.77	715.597	325.147	1977.68	485.956	324.699	2208.66	331.742	325.187	2365.05	560.832	325.53
22.8	2118.63	713.466	325.104	1982.02	471.386	324.556	2225.39	336.642	324.997	2362.14	577.892	325.558
22.85	2103.73	709.064	324.489	1987.59	457.263	324.166	2240.75	343.705	325.239	2357.5	594.291	325.014
22.9	2089.37	705.164	325.05	1993.98	443.572	324.513	2255.92	351.368	325.467	2351.71	611.288	325.405
22.95	2075.63	699.325	325.268	2002.1	431.074	324.925	2270.63	360.572	325.413	2344.49	627.294	325.398
23	2062.03	692.276	325.078	2010.76	418.904	324.699	2284.5	370.777	325.43	2335.84	642.793	325.168
23.05	2049	683.972	325.18	2020.61	407.184	324.716	2297.07	381.757	325.698	2326.31	656.905	325.32
23.1	2037.39	675.126	325.156	2031.42	396.426	324.716	2309.58	394.325	325.897	2315.43	670.485	325.24
23.15	2026	664.601	324.997	2042.87	386.899	324.99	2320.33	407.097	325.516	2303.62	683.049	325.145
23.2	2015.55	653.991	325.33	2055.48	377.805	325.09	2330.18	421.147	325.577	2290.69	694.594	325.211
23.25	2006.33	641.369	324.991	2068.81	369.614	325.054	2338.78	435.743	325.688	2276.95	704.919	325.368
23.3	1998.01	628.473	324.9	2082.83	362.643	324.957	2346.24	450.867	325.496	2262.31	714.232	325.201
23.35	1991	614.145	324.518	2096.93	357.079	325.443	2352.48	466.38	325.42	2247.27	722.155	325.418
23.4	1985.1	600.482	324.704	2111.6	352.526	325.256	2357.7	483.009	325.987	2231.4	728.77	325.481
23.45	1980.19	585.929	324.692	2126.52	349.254	325.283	2360.67	499.659	325.398	2214.91	734.012	325.164
23.5	1976.25	570.941	324.759	2141.47	346.799	325.63	2362.98	515.925	325.654	2197.86	738.112	324.974
23.55	1974.13	555.725	324.686	2157.28	346.185	325.481	2364.21	532.663	326.012	2181.31	740.58	325.279
23.6	1973.08	540.427	324.722	2172.95	346.922	325.627	2363.65	549.441	325.966	2164.17	741.499	325.111
23.65	1973.05	525.174	324.919	2188.03	348.553	325.748	2361.6	565.606	325.413	2147.02	741.068	325.016
23.7	1974.48	509.385	324.74	2202.86	351.17	325.381	2358.13	582.229	325.609	2129.89	739.271	324.824
23.75	1977.26	493.848	324.797	2218.34	354.803	325.524	2353.73	598.02	325.597	2113.17	736.026	324.82
23.8	1981.05	478.405	323.999	2232.62	359.966	325.684	2347.65	612.903	325.139	2096.8	730.4	324.145
23.85	1985.95	463.593	324.504	2246.04	366.752	325.525	2340.59	628.147	325.174	2080.87	725.214	324.653
23.9	1992.6	449.73	324.868	2259.75	374.24	325.622	2332.34	642.591	325.448	2065.73	717.998	324.926
23.95	1999.9	436.232	324.762	2272.64	382.752	325.646	2322.66	656.347	325.229	2050.88	709.504	324.715
24	2008.51	422.889	324.796	2284.31	391.898	325.938	2312.31	668.627	325.334	2036.78	699.487	324.862
24.05	2018.21	410.429	324.796	2296.38	402.784	325.824	2300.85	680.267	325.253	2024.21	688.955	324.766
24.1	2028.93	398.862	324.808	2306.81	414.032	325.797	2288.51	690.887	325.205	2011.98	676.728	324.63
24.15	2040.37	388.579	325.211	2316.14	425.755	325.664	2275.22	700.5	325.238	2000.85	664.233	324.985
24.2	2052.9	378.156	324.748	2324.55	438.565	325.855	2261.33	708.765	325.421	1991.09	649.864	324.685
24.25	2066.8	368.993	324.883	2332.08	451.882	325.776	2246.57	716.17	325.142	1982.74	634.592	324.352
24.3	2080.55	361.57	325.307	2338.45	465.395	325.636	2231.75	722.136	325.349	1974.98	618.396	323.899
24.35	2095	354.939	325.187	2343.77	480.037	326.103	2216.1	726.762	325.39	1969.13	603.173	324.358
24.4	2110	349.613	325.247	2347.57	494.768	325.712	2200.23	730.086	325.161	1964.27	586.646	324.334
24.45	2125.04	345.048	325.644	2350.18	509.474	325.689	2183.8	732.271	325.003	1960.58	569.776	324.326
24.5	2141.25	342.422	325.441	2352.47	524.328	326.189	2168.16	732.93	325.248	1958.82	552.616	324.3
24.55	2157.23	340.82	325.649	2352.85	539.502	326.126	2152	732.158	325.167	1958.3	535.44	324.319
24.6	2173.31	340.745	325.731	2351.77	554.052	325.786	2135.8	730.106	324.799	1958.94	518.204	324.433
24.65	2188.85	341.682	325.308	2349.59	569.115	325.807	2120.06	726.72	324.869	1961.17	500.84	324.343
24.7	2205.56	343.251	325.185	2346.33	583.658	325.894	2104.71	722.03	324.857	1964.91	483.53	324.396
24.75	2220.53	346.274	325.759	2341.77	597.207	325.373	2089.88	715.153	324.246	1969.84	466.323	323.572
24.8	2235.8	351.815	325.692	2336.35	611.307	325.453	2075.45	708.654	324.725	1975.91	450.105	324.114
24.85	2250.58	357.935	325.542	2329.74	624.731	325.681	2061.92	700.461	325.001	1983.87	434.783	324.473
24.9	2265.09	365.084	325.542	2321.92	637.435	325.528	2048.89	690.974	324.89	1992.67	419.895	324.414
24.95	2278.29	372.844	325.867	2313.27	649.14	325.596	2036.47	680.271	324.925	2002.72	405.447	324.373
25	2291.44	382.14	325.963	2303.62	660.244	325.55	2025.6	669.003	324.795	2014.04	391.909	324.384
25.05	2304.24	392.743	325.884	2293.16	670.469	325.438	2015.36	656.434	324.752	2026.34	379.432	324.37
25.1	2315.68	403.849	325.638	2281.86	679.725	325.497	2006.16	643.606	325.051	2039.64	368.327	324.862
25.15	2326.14	415.823	325.709	2269.97	687.905	325.652	1998.37	629.172	324.753	2054.45	357.183	324.568
25.2	2335.71	428.723	325.711	2257.16	695.349	325.405	1991.91	613.821	324.467	2070.07	347.435	324.404
25.25	2343.87	441.707	325.32	2244.08	701.508	325.452	1986.11	597.912	323.973	2085.43	339.792	325.051
25.3	2351.7	456.304	326.088	2230.61	706.652	325.719	1982.05	582.942	324.452	2101.82	333.002	324.981
25.35	2357.58	470.879	325.702	2216.53	710.471	325.401	1979.08	566.913	324.465	2118.77	327.625	324.986
25.4	2362.45	485.925	325.564	2202.16	713.523	325.197	1977.14	550.642	324.461	2135.78	323.313	325.296
25.45	2365.57	500.187	326.002	2187.81	714.564	325.52	1977.1	534.326	324.447	2153.7	320.872	325.311
25.5	2369.11	516.648	325.996	2173.95	715.387	325.626	1978.11	517.989	324.428	2171.76	319.771	325.318
25.55	2369.82	531.943	325.707	2159.26	714.112	325.307	1980.58	501.927	324.542	2189.99	320.661	325.751
25.6	2369.91	547.836	325.749	2144.99	712.046	325.343	1984.12	485.849	324.582	2207.01	321.961	325.267
25.65	2368.56	563.425	326.015	2130.89	708.775	325.158	1989.17	469.833	324.523	2225.19	324.581	324.76
25.7	2366.16	578.402	325.781	2117.32	703.805	324.767	1995.38	454.16	323.858	2241.69	329.383	325.018
25.75	2362.2	593.279	325.424	2103.91	698.285	324.69	2002.55	439.44	324.341	2258.87	335.274	325.491
25.8	2357.24	608.264	325.795	2091.44	692.013	325.311	2011.47	425.443	324.59	2275.18	342.631	325.375
25.85	2351	622.487	325.695	2079.45	684.331	325.255	2021.42	412.274	324.734	2290.44	350.649	325.617
25.9	2343.67	636.004	325.656	2067.64	675.497	325.196	2032.16	399.62	324.561	2305.4	360.29	325.749
25.95	2335.32	648.836	325.672	2057.25	666.05	325.053	2044.04	387.862	324.54	2320.08	371.45	325.567
26	2325.99	660.944	325.51	2047.63	655.738	325.122	2056.95	377.078	324.798	2333.6	383.508	325.856
26.05	2315.52	672.109	325.489	2038.54	644.386	325.121	2070.61	367.868	325.359	2345.66	395.722	325.519
26.1	2304.34	682.467	325.687	2030.64	632.555	325.181	2085.08	358.82	325.036	2356.5	409.702	326.059
26.15	2292.33	691.916	325.501	2023.85	619.501	324.966	2100.9	350.829	324.631	2366.75	424.324	325.889
26.2	2279.64	700.232	325.484	2018.06	605.765	324.657	2116.17	345.025	325.313	2375.54	439.227	325.586
26.25	2266.47	707.587	325.731	2013.22	592.426	324.894	2132.07	340.023	325.281	2383.54	455.604	326.134
26.3	2252.36	713.576	325.51	2010.16	577.926	324.732	2148.72	336.436	325.262	2389.52	472.034	325.945
26.35	2238.12	718.661	325.384	2007.46	563.492	324.816	2165.09	334.009	325.421	2394.55	489.306	325.613
26.4	2223.32	722.275	325.355	2006.46	549.001	324.788	2182.1	333.095	325.61	2398.38	506.336	325.737
26.45	2209.12	725.127	325.682	2006.49	534.494	324.712	2199.33	333.592	325.571	2401.23	524.23	326.091
26.5	2193.8	725.971	325.332	2007.83	520.055	324.814	2216.56	335.982	325.976	2401.34	541.311	325.717
26.55	2178.67	725.948	325.372	2009.97	505.858	325.073	2232.46	338.86	325.347	2401.24	558.365	325.241
26.6	2163.88	724.544	325.569	2013.58	491.074	324.841	2249.24	342.815	325.058	2398.83	576.374	325.661
26.65	2149.23	721.755	325.248	2018.3	476.824	324.436	2264.62	348.71	325.113	2395.73	592.801	325.513
26.7	2134.31	718.071	324.778	2024.02	463.109	324.56	2280.31	355.846	325.587	2390.86	609.411	325.109
26.75	2120.11	713.52	325.181	2030.97	450.178	324.741	2294.93	363.944	325.547	2384.75	625.856	325.453
26.8	2106.81	707.415	325.328	2039.25	437.709	325.062	2309.22	373.24	325.521	2377.28	641.455	325.382
26.85	2093.41	700.155	325.158	2047.94	426.035	324.72	2322.52	383.485	325.611	2368.43	656.602	325.13
26.9	2081.12	691.988	325.121	2057.93	414.667	324.828	2335.01	394.843	325.749	2358.84	670.362	325.297
26.95	2069.68	682.994	325.212	2069	404.348	325.07	2347.37	407.687	325.916	2348.01	683.567	325.147
27	2058.62	672.41	325.044	2080.6	395.214	325.572	2357.56	420.201	325.557	2335.96	695.802	325.209
27.05	2048.51	661.805	325.407	2093.11	386.392	325.228	2367.01	434.357	325.634	2323.2	706.82	325.233
27.1	2039.58	649.296	325.064	2106.44	378.488	325.049	2375.17	448.89	325.81	2309.21	717.089	325.373
27.15	2031.54	636.385	324.851	2120.07	372.121	325.264	2382.38	463.875	325.485	2294.89	725.939	325.187
27.2	2024.56	622.847	324.851	2134.16	366.784	325.676	2388.4	479.442	325.689	2279.91	733.686	325.4
27.25	2018.96	609.406	325.053	2148.71	362.527	325.463	2393.16	495.777	325.968	2264.18	740.036	325.391
27.3	2014.22	595.038	324.952	2163.52	359.589	325.426	2396.05	512.435	325.407	2247.85	745.135	325.239
27.35	2010.81	579.803	324.814	2178.24	357.301	325.857	2398.09	528.361	325.727	2230.9	748.911	325.068
27.4	2008.89	564.827	324.792	2193.87	356.905	325.654	2399.41	545.315	325.958	2214.81	751.443	325.353
27.45	2008.06	549.924	324.86	2209.2	357.837	326.008	2398.37	561.733	325.762	2197.75	752.14	324.989
27.5	2008.05	534.913	325.067	2224.07	359.551	325.752	2396.44	577.542	325.402	2180.8	751.675	325.039
27.55	2009.6	519.299	324.895	2239.04	362.218	325.377	2392.87	594.095	325.649	2164.24	749.745	325.19
27.6	2012.36	504.197	324.832	2253.59	366.392	325.473	2388.65	609.73	325.578	2147.81	746.497	325.074
27.65	2016.04	489.118	324.335	2267.65	371.55	325.398	2382.59	624.424	325.178	2131.12	741.19	324.375
27.7	2021.04	474.638	324.715	2281.72	377.987	325.972	2375.64	639.592	325.209	2115.65	736.092	324.722
27.75	2027.67	460.953	325.076	2294.96	385.511	325.696	2367.44	653.815	325.413	2100.73	728.974	324.92
27.8	2034.89	447.478	324.868	2307.68	393.95	325.734	2358.02	667.391	325.215	2086.04	720.595	324.716
27.85	2043.45	434.429	324.892	2319.23	403.052	326	2347.8	679.625	325.327	2072.14	710.855	324.841
27.9	2052.97	422.158	324.889	2331.16	413.79	326.025	2336.52	691.21	325.182	2059.7	700.608	324.866
27.95	2063.39	410.672	324.922	2341.4	424.923	325.883	2324.34	701.776	325.15	2047.58	688.548	324.673
28	2075.07	400.528	325.537	2350.76	436.205	325.641	2311.28	711.259	325.143	2036.55	676.285	324.995
28.05	2087.51	390.309	325.055	2359.11	449.112	325.938	2297.6	719.613	325.398	2026.84	662.334	324.7
28.1	2100.92	381.265	325.041	2366.64	462.264	325.857	2283.08	727.023	325.147	2018.12	647.881	324.637
28.15	2114.37	373.947	325.508	2372.92	475.552	325.427	2268.36	733.09	325.229	2010.42	631.901	324.225
28.2	2128.27	367.135	325.495	2378.43	489.964	326.25	2253.19	737.966	325.427	2004.43	616.989	324.692
28.25	2142.91	361.615	325.678	2382.39	504.469	325.864	2237.42	741.334	325.2	1999.97	600.345	324.382
28.3	2158.07	357.378	325.781	2385.13	519.331	325.71	2221.46	743.861	324.999	1996.05	583.773	324.406
28.35	2174.02	354.653	325.675	2387.3	533.976	326.127	2205.74	744.72	325.286	1994.19	566.969	324.375
28.4	2190.05	353.126	325.768	2387.9	549.016	326.104	2189.86	744.144	325.2	1993.47	550.196	324.48
28.45	2205.77	352.907	326.057	2387.12	563.55	325.911	2174.04	742.329	325.045	1993.88	533.042	324.445
28.5	2220.73	353.269	325.742	2385.3	578.057	325.705	2158.37	739.294	325.135	1995.79	516.284	324.583
28.55	2237.31	355.03	325.208	2382.22	592.878	326.021	2143.28	734.873	325.107	1999.16	499.128	324.513
28.6	2252.09	358.527	325.211	2378.15	606.485	325.602	2128.25	728.758	324.411	2003.75	482.205	323.807
28.65	2267.7	363.049	325.768	2373.01	620.222	325.383	2113.9	722.439	324.585	2009.43	466.199	324.349
28.7	2282.26	368.723	325.672	2366.75	633.827	325.691	2100.16	714.712	325.128	2016.96	450.967	324.65
28.75	2296.63	375.495	325.688	2359.4	646.447	325.631	2087.42	705.67	325.039	2025.6	435.924	324.719
28.8	2310.12	383.023	325.784	2351.02	658.479	325.521	2074.81	695.423	324.963	2035.17	421.637	324.503
28.85	2323.6	392.189	325.71	2341.82	669.604	325.56	2063.81	684.546	324.844	2046.06	408.075	324.505
28.9	2336.17	402.354	326.051	2331.7	679.976	325.411	2053.59	672.735	324.941	2057.83	395.563	324.44
28.95	2347.65	412.714	325.609	2320.75	689.308	325.417	2044.08	659.961	324.979	2071.02	384.258	325.295
29	2358.34	424.353	325.641	2309.19	697.908	325.675	2035.93	646.381	325.025	2085.03	373.127	324.735
29.05	2367.93	436.998	325.858	2296.72	705.593	325.605	2028.84	631.855	324.733	2100.25	363.14	324.566
29.1	2376.61	449.968	325.412	2284.07	712.087	325.465	2022.93	616.57	324.42	2115.38	355.211	325.165
29.15	2384.19	463.689	326.311	2270.99	717.694	325.681	2018.28	601.455	324.786	2131.26	348.088	325.263
29.2	2390.81	478.155	326.031	2257.04	721.895	325.508	2015.06	585.941	324.681	2147.89	342.292	325.163
29.25	2395.62	492.834	325.755	2243.07	725.24	325.338	2013.09	569.781	324.44	2164.84	337.965	325.174
29.3	2400.05	507.795	325.939	2228.75	727.081	325.345	2012.07	553.453	324.689	2181.83	334.513	325.599
29.35	2403.73	523.443	326.066	2215.21	728.24	325.618	2012.8	537.605	324.54	2199.84	333.081	325.471
29.4	2405	538.756	325.802	2200.69	727.55	325.334	2014.76	521.809	324.652	2217.77	333.409	325.786
29.45	2405.62	553.657	325.562	2186.59	726.033	325.359	2017.6	506.224	324.922	2234.69	334.396	325.234
29.5	2404.56	569.633	325.905	2172.92	723.19	325.571	2021.97	490.216	324.686	2252.55	336.373	324.988
29.55	2403.11	584.626	325.909	2159.59	719.19	325.343	2027.91	474.673	324.399	2269.4	340.384	325.205
29.6	2399.91	599.027	325.422	2145.89	713.809	324.789	2034.39	459.752	324.262	2285.75	345.067	325.391
29.65	2395.67	613.987	325.721	2133.19	708.591	325.05	2042.44	445.409	324.48	2302.61	351.879	325.582
29.7	2390.25	628.291	325.786	2121.31	701.499	325.303	2051.92	432.284	324.9	2318.03	359.335	325.786
29.75	2383.46	642.238	325.518	2109.69	693.474	325.141	2061.9	419.612	324.601	2333.67	368.46	325.585
29.8	2376.04	654.951	325.642	2098.61	684.376	325.201	2073.42	407.387	324.951	2347.77	378.17	325.832
29.85	2367.54	667.239	325.488	2089.09	674.994	325.172	2085.65	396.257	324.964	2362.37	389.89	325.796
29.9	2357.89	678.853	325.578	2079.72	664.026	325.016	2098.45	386.37	325.17	2374.56	401.44	325.761
29.95	2347.45	689.431	325.406	2071.27	653.087	325.395	2112.43	377.434	325.328	2386.57	414.284	325.356
30	2336.19	699.313	325.643	2064.1	640.637	325.071	2126.87	369.061	324.985	2396.68	428.184	326.015
30.05	2324.13	708.214	325.41	2057.78	627.932	325.035	2142.42	361.972	325.081	2406.41	442.904	325.814
30.1	2311.54	716.013	325.452	2052.24	613.968	324.599	2157.88	356.53	325.604	2414.52	457.547	325.41
30.15	2298.55	722.873	325.685	2048.2	601.137	325.044	2173.8	352.07	325.479	2422.11	474.13	326.208
30.2	2284.6	728.392	325.433	2045.31	587.227	325.014	2190.19	349.037	325.422	2427.7	490.573	325.812
30.25	2270.36	733.222	325.267	2043	573.107	325.06	2206.39	346.812	325.761	2432.34	507.387	325.717
30.3	2256.26	736.466	325.506	2042.6	558.718	325.019	2223.5	346.507	325.714	2436.18	524.469	325.895
30.35	2241.63	738.466	325.57	2043.09	544.677	325.041	2240.18	347.992	325.52	2437.84	541.822	325.862
30.4	2226.96	739.257	325.37	2044.52	530.032	325.02	2256.25	350.281	325.506	2438.06	558.784	325.604
30.45	2212.21	739.012	325.386	2047.15	516.169	325.253	2272.72	353.074	325.412	2437.35	575.332	325.392
30.5	2197.76	737.383	325.548	2051.08	501.672	324.951	2289.33	357.296	325.144	2435.05	593.166	325.653
30.55	2183.25	734.267	325.055	2056.16	487.499	324.34	2304.34	363.441	325.2	2431.65	609.318	325.378
30.6	2169.16	730.693	325.108	2061.97	474.191	324.684	2319.88	370.59	325.758	2426.92	625.384	325.227
30.65	2155.24	725.889	325.46	2069.06	461.786	324.919	2334.13	378.681	325.665	2420.8	641.483	325.467
30.7	2142.15	719.841	325.343	2077.4	449.474	325.256	2348.22	388.036	325.584	2413.39	656.689	325.424
30.75	2129.03	712.54	325.194	2086.42	437.937	325.193	2361.22	398.129	325.644	2404.66	671.417	325.229
30.8	2117.13	704.432	325.135	2096.47	426.964	325.266	2373.48	409.427	325.784	2395.1	685.022	325.303
30.85	2105.97	695.458	325.221	2107.23	416.935	325.255	2385.39	422.013	325.96	2384.48	697.84	325.221
30.9	2095.32	685.082	325.054	2118.74	408.072	325.718	2395.57	434.23	325.501	2372.66	709.892	325.211
30.95	2085.48	674.555	325.396	2131.09	399.41	325.286	2404.8	448.236	325.665	2360.17	720.584	325.138
31	2076.86	662.377	325.097	2144.52	391.685	325.076	2412.89	462.732	325.867	2346.35	730.789	325.391
31.05	2069.01	649.689	325.011	2157.75	385.592	325.459	2419.98	477.481	325.64	2332.4	739.429	325.078
31.1	2062.23	636.54	324.967	2171.75	380.379	325.891	2425.95	492.997	325.679	2317.76	746.93	325.217
