14.85	3084.66	328.051	336.61	2805.83	638.946	325.235	0	0	0	0	0	0
14.9	3087.65	595.883	313.81	3085.2	312.309	330.24	2802.82	322.269	336.902	2810.76	598.81	308.97
14.95	3092.06	593.646	311.204	3088.26	311.989	334.415	2806.01	321.588	335.134	2811.13	599.5	309.653
15	3092.15	593.606	311.239	3088.36	311.893	334.426	2806.31	321.743	334.899	2811.17	599.482	309.625
15.05	3092.12	593.659	311.181	3088.34	311.989	334.392	2806.29	321.87	334.823	2811.12	599.369	309.642
15.1	3092.08	593.511	311.384	3088.37	311.949	334.488	2806.28	321.706	335.007	2811.15	599.38	309.765
15.15	3092.06	593.648	311.087	3088.3	312.098	334.439	2806.25	321.856	334.848	2811.06	599.175	309.78
15.2	3092.14	593.691	311.174	3088.35	311.96	334.349	2806.27	321.746	334.907	2811.23	599.349	309.719
15.25	3092.05	593.564	311.201	3088.32	312.104	334.49	2806.02	321.596	335.136	2811.1	599.354	309.753
15.3	3092.18	593.749	311.135	3088.34	311.952	334.369	2806.04	321.688	334.933	2811.18	599.551	309.639
15.35	3092.08	593.648	311.112	3088.29	312.146	334.365	2806.09	321.585	334.995	2811.07	599.305	309.635
15.4	3092.17	593.664	311.271	3088.35	311.885	334.43	2806.33	321.734	334.949	2811.19	599.382	309.769
15.45	3092.18	593.792	311.109	3088.34	311.994	334.364	2806.3	321.783	334.786	2811.15	599.387	309.717
15.5	3092.12	593.711	311.185	3088.33	312.025	334.349	2806.29	321.697	334.836	2811.15	599.398	309.674
15.55	3092.07	593.59	311.249	3088.38	312.467	334.807	2806.27	321.736	334.972	2811.1	599.153	309.898
15.6	3092.15	593.779	311.094	3088.35	312.05	334.312	2806.23	321.762	334.862	2811.12	599.315	309.732
15.65	3092.09	593.626	311.135	3088.32	312.063	334.308	2806.05	321.582	335.031	2811.06	599.38	309.721
15.7	3092.21	593.651	311.313	3088.33	312.035	334.475	2806.04	321.58	335.12	2811.13	599.492	309.721
15.75	3092.08	593.681	311.032	3088.3	312.219	334.361	2806.04	321.607	334.922	2811.03	599.369	309.696
15.8	3092.19	593.771	311.122	3088.3	311.954	334.311	2806.28	321.783	334.912	2811.1	599.353	309.726
15.85	3092.15	593.677	311.223	3088.33	312.005	334.398	2806.33	321.762	334.948	2811.11	599.357	309.779
15.9	3092.17	593.803	311.161	3088.32	312.093	334.376	2806.3	321.886	334.812	2811.13	599.409	309.709
15.95	3092.1	593.694	311.152	3088.3	312.066	334.311	2806.26	321.728	334.911	2811.02	599.205	309.915
16	3092.14	593.766	311.198	3088.32	312.1	334.382	2806.2	321.681	335.002	2811.14	599.334	309.802
16.05	3092.07	593.678	311.125	3088.3	312.175	334.31	2806.03	321.621	334.969	2811.16	599.312	309.824
16.1	3092.21	593.76	311.196	3088.33	312.113	334.387	2805.96	321.539	335.155	2811.16	599.52	309.741
16.15	3092.09	593.681	311.163	3088.29	312.179	334.428	2806.01	321.605	335.025	2811.15	599.438	309.801
16.2	3092.22	593.762	311.06	3088.3	312.12	334.264	2806.34	321.71	334.818	2811.11	599.254	309.701
16.25	3092.19	593.733	311.216	3088.35	312.106	334.364	2806.32	321.756	334.936	2811.13	599.355	309.828
16.3	3092.19	593.759	311.16	3088.33	312.068	334.377	2806.29	321.699	334.883	2811.16	599.364	309.833
16.35	3092.08	593.816	311.056	3088.25	312.291	334.248	2806.27	321.807	334.759	2811.04	599.222	309.83
16.4	3092.17	593.702	311.232	3088.31	312.419	334.569	2806.24	321.655	335.012	2811.14	599.353	309.862
16.45	3092.09	593.679	311.121	3088.32	312.135	334.349	2806.01	321.598	335.086	2811.09	599.268	309.893
16.5	3092.17	593.733	311.154	3088.32	312.048	334.192	2805.96	321.569	334.959	2811.09	599.575	309.697
16.55	3092.07	593.603	311.268	3088.26	312.279	334.422	2805.99	321.539	335.124	2811.05	599.274	309.915
16.6	3092.17	593.825	311.154	3088.31	312.154	334.341	2806.26	321.772	334.852	2811.09	599.308	309.861
16.65	3092.17	593.831	311.115	3088.28	312.108	334.201	2806.3	321.907	334.783	2811.09	599.369	309.74
16.7	3092.2	593.762	311.264	3088.32	312.083	334.371	2806.35	321.79	334.932	2811.15	599.374	309.937
16.75	3092.05	593.782	311.113	3088.26	312.291	334.335	2806.24	321.844	334.885	2811.01	599.114	309.925
16.8	3092.16	593.784	311.133	3088.36	312.176	334.168	2806.26	321.783	334.821	2811.04	599.348	309.786
16.85	3092.08	593.74	311.173	3088.27	312.313	334.402	2806.02	321.607	335.115	2811.02	599.251	309.897
16.9	3092.14	593.706	311.209	3088.3	312.158	334.27	2806.02	321.6	335.005	2811.14	599.568	309.789
16.95	3092.07	593.689	311.105	3088.26	312.37	334.307	2805.94	321.54	335.067	2811.05	599.332	309.885
17	3092.17	593.781	311.169	3088.3	312.186	334.299	2806.3	321.774	334.884	2811.19	599.476	309.834
17.05	3092.18	593.716	311.154	3088.28	312.21	334.305	2806.36	321.738	334.897	2811.09	599.246	309.859
17.1	3092.15	593.745	311.171	3088.3	312.165	334.238	2806.33	321.804	334.853	2811.14	599.357	309.902
17.15	3092.11	593.703	311.122	3088.23	312.285	334.355	2806.25	321.675	334.934	2811.04	599.146	310.079
17.2	3092.11	593.696	311.204	3088.29	312.247	334.311	2806.26	321.682	334.9	2811.11	599.311	309.931
17.25	3092.06	593.694	311.096	3088.19	312.582	334.394	2806.05	321.641	334.982	2811.05	599.31	309.939
17.3	3092.15	593.714	311.19	3088.32	312.277	334.258	2805.97	321.577	335.098	2811.11	599.375	309.897
17.35	3092.06	593.658	311.16	3088.27	312.275	334.313	2805.99	321.563	335.052	2811.07	599.297	310.028
17.4	3092.15	593.723	311.154	3088.27	312.271	334.243	2806.21	321.763	334.766	2811.13	599.299	309.94
17.45	3092.14	593.688	311.191	3088.29	312.277	334.267	2806.21	321.627	334.959	2811.11	599.328	309.976
17.5	3092.19	593.741	311.219	3088.22	312.001	334.32	2806.29	321.786	334.979	2811.12	599.286	310.034
17.55	3092.08	593.729	311.054	3088.25	312.366	334.213	2806.21	321.737	334.837	2811	599.117	310.01
17.6	3092.12	593.684	311.211	3088.26	312.305	334.257	2806.2	321.752	335.001	2811.1	599.288	309.992
17.65	3092.08	593.658	311.183	3088.29	312.218	334.253	2805.99	321.521	335.141	2811.03	599.241	310.134
17.7	3092.1	593.776	311.038	3088.26	312.313	334.158	2805.95	321.654	334.928	2811.13	599.51	309.863
17.75	3092.08	593.675	311.167	3088.21	312.408	334.223	2806.01	321.564	335.097	2811.11	599.302	310.026
17.8	3092.15	593.686	311.222	3088.28	312.298	334.325	2806.27	321.732	334.93	2811.15	599.288	310.066
17.85	3092.12	593.733	311.101	3088.24	312.285	334.116	2806.26	321.813	334.767	2811.18	599.464	309.876
17.9	3092.17	593.6	311.226	3088.26	312.289	334.248	2806.32	321.675	334.982	2811.11	599.203	310.014
17.95	3092.07	593.646	311.131	3088.23	312.314	334.279	2806.23	321.722	334.919	2811.04	599.107	310.141
18	3092.14	593.784	311.039	3088.19	312.312	334.192	2806.22	321.73	334.798	2811.05	599.331	310.005
18.05	3092.07	593.708	311.212	3088.23	312.447	334.301	2806.07	321.523	334.989	2811.04	599.259	310.056
18.1	3092.17	593.753	311.162	3088.27	312.601	334.462	2806.01	321.584	335.041	2811.12	599.481	309.959
18.15	3092.04	593.656	311.118	3088.26	312.516	334.194	2805.95	321.592	335.087	2811.03	599.24	310
18.2	3092.14	593.678	311.204	3088.28	312.255	334.142	2806.23	321.701	334.891	2811.13	599.312	310.047
18.25	3092.15	593.684	311.213	3088.25	312.395	334.289	2806.21	321.7	334.899	2811.1	599.231	310.101
18.3	3092.16	593.789	311.118	3088.25	312.396	334.139	2806.23	321.715	334.836	2811.07	599.285	310.015
18.35	3092.08	593.622	311.196	3088.15	312.271	334.247	2806.25	321.718	334.99	2810.94	598.998	310.25
18.4	3092.13	593.724	311.169	3088.25	312.321	334.199	2806.22	321.632	334.949	2811.07	599.231	310.123
18.45	3092.05	593.809	311.121	3088.2	312.517	334.172	2806.02	321.728	334.969	2811.01	599.262	310.048
18.5	3092.2	593.807	311.194	3088.37	312.445	334.133	2805.99	321.559	335.115	2811.09	599.484	309.983
18.55	3092.06	593.657	311.165	3088.22	312.511	334.297	2806	321.618	335.076	2811.02	599.244	310.134
18.6	3092.17	593.827	311.1	3088.25	312.391	334.06	2806.27	321.866	334.764	2811.13	599.271	310.029
18.65	3092.19	593.705	311.217	3088.26	312.424	334.198	2806.28	321.701	335	2811.09	599.227	310.118
18.7	3092.15	593.729	311.163	3088.25	312.365	334.178	2806.27	321.771	334.86	2811.15	599.367	310.041
18.75	3092.12	593.754	311.107	3088.19	312.55	334.162	2806.3	321.714	334.923	2811.12	599.293	309.972
18.8	3092.13	593.745	311.203	3088.23	312.345	334.171	2806.21	321.68	334.975	2811.07	599.209	310.156
18.85	3092.12	593.696	311.117	3088.16	312.492	334.24	2806.16	321.783	334.868	2811.01	599.252	310.155
18.9	3092.16	593.75	311.144	3088.24	312.437	334.143	2806.03	321.5	334.96	2811.07	599.385	310.086
18.95	3092.1	593.669	311.153	3088.29	312.928	334.548	2806.07	321.618	335.085	2811.08	599.256	310.224
19	3092.1	593.831	311.181	3088.26	312.574	334.119	2806.26	321.812	334.844	2811.09	599.235	310.132
19.05	3092.18	593.719	311.206	3088.25	312.365	334.081	2806.26	321.688	334.937	2811.12	599.283	310.174
19.1	3092.18	593.682	311.255	3088.23	312.467	334.24	2806.25	321.714	334.931	2811.18	599.392	310.134
19.15	3092.08	593.713	311.031	3088.2	312.636	334.072	2806.18	321.732	334.83	2810.95	599.034	310.15
19.2	3092.17	593.722	311.194	3088.14	312.245	334.175	2806.25	321.725	334.99	2811.09	599.26	310.222
19.25	3092.08	593.707	311.1	3088.19	312.55	334.141	2806.05	321.615	335.01	2811	599.231	310.192
19.3	3092.16	593.748	311.136	3088.2	312.462	334.068	2805.96	321.638	335.016	2811.1	599.465	310.083
19.35	3092.09	593.685	311.111	3088.28	312.502	334.01	2805.99	321.577	335.085	2811.02	599.262	310.263
19.4	3092.16	593.669	311.172	3088.23	312.476	334.211	2806.29	321.786	334.959	2811.15	599.255	310.263
19.45	3092.14	593.79	311.058	3088.22	312.498	333.986	2806.21	321.737	334.842	2811.16	599.188	310.183
19.5	3092.12	593.641	311.266	3088.25	312.542	334.18	2806.28	321.748	334.966	2811.11	599.204	310.251
19.55	3092.07	593.707	311.063	3088.17	312.62	334.114	2806.21	321.734	334.864	2811.16	599.37	310.143
19.6	3092.2	593.726	311.078	3088.21	312.535	334.068	2806.31	321.713	334.865	2811.08	599.145	310.147
19.65	3092.12	593.727	311.127	3088.18	312.55	334.132	2806.09	321.622	335.055	2811.07	599.26	310.247
19.7	3092.2	593.75	311.149	3088.17	312.464	334.182	2806.11	321.719	334.949	2811.13	599.418	310.163
19.75	3092.06	593.771	311.056	3088.17	312.681	334.043	2805.98	321.447	334.888	2811.01	599.272	310.187
19.8	3092.15	593.667	311.24	3088.28	312.883	334.439	2806.31	321.731	334.956	2811.11	599.237	310.276
19.85	3092.11	593.648	311.229	3088.25	312.657	334.13	2806.24	321.696	334.931	2811.1	599.141	310.283
19.9	3092.15	593.709	311.154	3088.21	312.477	333.924	2806.26	321.767	334.813	2811.06	599.277	310.184
19.95	3092.12	593.631	311.248	3088.16	312.729	334.197	2806.3	321.758	334.968	2811	599.011	310.393
20	3092.15	593.786	311.157	3088.21	312.558	334.121	2806.26	321.836	334.87	2811.08	599.203	310.323
20.05	3092.1	593.814	310.971	3088.11	312.582	333.947	2806.02	321.734	334.86	2810.99	599.273	310.176
20.1	3092.2	593.695	311.273	3088.18	312.468	334.064	2806.02	321.544	335.147	2811.12	599.459	310.27
20.15	3092.05	593.638	311.095	3088.14	312.666	334.141	2805.98	321.638	334.989	2811.01	599.171	310.338
20.2	3092.14	593.722	311.089	3088.38	312.712	333.827	2806.18	321.663	334.853	2811.01	599.296	310.162
20.25	3092.13	593.665	311.276	3088.18	312.592	334.118	2806.26	321.686	335.092	2811.05	599.177	310.317
20.3	3092.17	593.691	311.211	3088.14	312.553	333.987	2806.29	321.776	334.909	2811.04	599.172	310.279
20.35	3092.07	593.755	310.968	3088.15	312.822	333.929	2806.25	321.842	334.747	2810.95	599.044	310.26
20.4	3092.15	593.656	311.25	3088.19	312.589	334.086	2806.26	321.688	335.021	2811.1	599.283	310.237
20.45	3092.14	593.633	311.103	3088.15	312.723	334.114	2806.18	321.626	335.007	2810.98	599.079	310.241
20.5	3092.19	593.817	311.031	3088.18	312.631	333.907	2805.97	321.621	334.919	2811.08	599.426	310.13
20.55	3092.09	593.605	311.206	3088.11	312.714	334.167	2806.12	321.661	335.05	2811.02	599.199	310.364
20.6	3092.13	593.719	311.18	3088.19	312.632	334.092	2806.27	321.692	334.878	2811.06	599.142	310.391
20.65	3092.14	593.745	311.093	3088.13	312.897	334.088	2806.28	321.793	334.813	2811.03	599.195	310.29
20.7	3092.14	593.65	311.256	3088.22	312.79	334.07	2806.29	321.714	334.927	2811.08	599.091	310.381
20.75	3092.04	593.58	311.144	3088.17	312.688	334.015	2806.18	321.642	334.964	2811	598.986	310.503
20.8	3092.13	593.731	311.114	3088.12	312.694	333.955	2806.21	321.762	334.848	2811.05	599.188	310.315
20.85	3092.09	593.605	311.169	3088.15	312.807	334.049	2806.11	321.612	335.035	2811	599.191	310.41
20.9	3092.15	593.722	311.164	3088.08	312.378	334.043	2806.03	321.665	335.036	2811.06	599.347	310.322
20.95	3092.05	593.721	311.017	3088.12	312.816	333.905	2806.03	321.672	334.933	2810.98	599.255	310.311
21	3092.15	593.695	311.23	3088.17	312.67	334.022	2806.25	321.759	334.954	2811.07	599.21	310.372
21.05	3092.16	593.702	311.185	3088.33	312.652	333.912	2806.26	321.715	334.895	2811.04	599.186	310.471
21.1	3092.09	593.724	311.034	3088.16	312.742	333.902	2806.19	321.798	334.814	2811.06	599.236	310.304
21.15	3092.06	593.605	311.193	3088.08	312.825	333.905	2806.22	321.642	335.006	2811.16	599.382	310.336
21.2	3092.14	593.711	311.208	3088.17	312.759	334.07	2806.17	321.66	335.039	2811.06	599.133	310.51
21.25	3092.09	593.78	310.987	3088.11	312.869	333.864	2806.01	321.635	334.924	2811.1	599.453	310.259
21.3	3092.23	593.709	311.162	3088.16	312.698	333.982	2806.09	321.559	335.075	2811.08	599.35	310.387
21.35	3092.04	593.638	311.131	3088.07	312.687	333.974	2806.02	321.577	335.056	2811.01	599.194	310.488
21.4	3092.2	593.822	311.038	3088.04	312.684	333.993	2806.25	321.755	334.799	2811.04	599.249	310.446
21.45	3092.15	593.746	311.191	3088.17	312.772	334.009	2806.28	321.649	334.895	2811.09	599.212	310.46
21.5	3092.19	593.722	311.168	3088.17	313.054	334.192	2806.29	321.753	334.89	2811.11	599.241	310.469
21.55	3092.06	593.709	311.082	3088.16	313.19	333.963	2806.23	321.777	334.833	2810.99	598.981	310.506
21.6	3092.13	593.69	311.154	3088.17	312.683	333.929	2806.23	321.735	334.941	2811.09	599.191	310.525
21.65	3092.06	593.684	311.068	3088.1	312.951	334.001	2806.02	321.683	334.934	2811.02	599.171	310.509
21.7	3092.18	593.727	311.113	3088.15	312.83	333.859	2806.02	321.552	335	2811.06	599.366	310.389
21.75	3092.1	593.626	311.122	3087.99	312.609	333.995	2806.04	321.632	335.1	2810.96	599.11	310.575
21.8	3092.17	593.691	311.144	3088.15	312.747	333.919	2806.25	321.738	334.888	2811.04	599.158	310.497
21.85	3092.13	593.697	311.175	3088.12	312.774	333.892	2806.24	321.767	334.923	2811.05	599.186	310.472
21.9	3092.19	593.709	311.146	3088.36	312.861	333.841	2806.31	321.764	334.892	2811.03	599.147	310.573
21.95	3092.03	593.629	311.025	3088.11	312.978	333.93	2806.19	321.772	334.89	2810.96	598.992	310.566
22	3092.15	593.709	311.136	3088.09	312.846	333.785	2806.26	321.727	334.932	2811.1	599.14	310.507
22.05	3092.12	593.669	311.086	3088.13	313.021	333.985	2806.03	321.648	335.047	2811	599.124	310.56
22.1	3092.19	593.795	311.083	3088.12	312.811	333.829	2806.03	321.68	334.944	2811.09	599.401	310.388
22.15	3092.12	593.77	311.068	3088.09	312.944	333.941	2806.1	321.595	335.055	2810.99	599.12	310.474
22.2	3092.15	593.697	311.182	3088.11	312.77	333.897	2806.3	321.807	334.836	2811.06	599.204	310.491
22.25	3092.19	593.787	311.088	3088.01	312.788	333.956	2806.27	321.73	334.845	2811.01	599.236	310.495
22.3	3092.18	593.688	311.171	3088.15	312.861	333.956	2806.28	321.594	334.941	2811.03	599.152	310.512
22.35	3092.08	593.71	311.092	3088.11	313.323	334.151	2806.23	321.698	334.936	2810.95	598.908	310.657
22.4	3092.14	593.74	311.169	3088.17	313.152	333.904	2806.24	321.756	334.894	2810.99	599.045	310.505
22.45	3092.09	593.69	311.142	3088.1	312.892	333.853	2806.03	321.602	335.03	2810.96	599.135	310.572
22.5	3092.19	593.786	311.157	3088.09	312.916	333.899	2806	321.677	334.964	2811.03	599.301	310.474
22.55	3092.08	593.751	311.048	3088.09	313.069	333.82	2806.02	321.581	334.963	2810.95	599.219	310.508
22.6	3092.18	593.735	311.182	3088	312.563	333.863	2806.29	321.787	334.978	2811	599.144	310.562
22.65	3092.15	593.752	311.156	3088.11	312.872	333.833	2806.25	321.745	334.878	2811.01	599.157	310.55
22.7	3092.13	593.764	311.16	3088.1	312.894	333.777	2806.23	321.781	334.877	2811.01	599.158	310.52
22.75	3092.1	593.701	311.144	3088.27	312.962	333.681	2806.24	321.694	334.96	2810.9	598.97	310.741
22.8	3092.1	593.691	311.147	3088.11	312.956	333.883	2806.25	321.835	334.938	2811.05	599.145	310.606
22.85	3092.08	593.763	311.04	3088.03	313.053	333.682	2806.01	321.639	334.94	2811.07	599.121	310.603
22.9	3092.12	593.659	311.286	3088.14	313.008	333.857	2805.97	321.506	335.177	2811.07	599.318	310.543
22.95	3092.05	593.638	311.115	3088.08	313.047	333.897	2805.97	321.538	335.045	2811.07	599.299	310.556
23	3092.19	593.647	311.123	3088.08	312.937	333.741	2806.34	321.742	334.854	2811.01	599.059	310.509
23.05	3092.13	593.625	311.255	3088.08	312.928	333.835	2806.31	321.715	334.961	2811.02	599.122	310.628
23.1	3092.19	593.701	311.167	3088	312.87	333.958	2806.28	321.706	334.895	2811.01	599.119	310.67
23.15	3092.08	593.747	311.088	3088.06	313.13	333.802	2806.22	321.657	334.831	2811.09	599.358	310.498
23.2	3092.17	593.688	311.154	3088.13	313.335	334.092	2806.27	321.738	334.954	2811.05	599.167	310.659
23.25	3092.02	593.637	311.155	3088.09	313.417	333.952	2805.97	321.621	335.081	2811	599.078	310.664
23.3	3092.15	593.71	311.123	3088.1	312.902	333.684	2805.97	321.581	334.974	2811.01	599.429	310.486
23.35	3092.07	593.608	311.216	3088.01	313.157	333.872	2805.98	321.52	335.132	2810.98	599.141	310.684
23.4	3092.17	593.797	311.149	3088.1	313.018	333.809	2806.16	321.599	334.988	2811	599.083	310.682
23.45	3092.17	593.851	311.022	3087.95	312.72	333.706	2806.25	321.799	334.862	2810.94	599.1	310.601
23.5	3092.18	593.75	311.198	3088.06	312.965	333.745	2806.3	321.735	334.968	2810.99	599.12	310.678
23.55	3092.09	593.733	311.124	3088.02	313.041	333.847	2806.19	321.694	334.989	2810.91	598.86	310.771
23.6	3092.19	593.863	310.978	3088.32	313.087	333.502	2806.25	321.802	334.769	2810.91	599.157	310.555
23.65	3092.07	593.753	311.067	3088.03	313.193	333.816	2806.05	321.707	335.054	2810.91	599.132	310.594
23.7	3092.19	593.778	311.192	3088	313.03	333.675	2806.03	321.584	335.065	2810.98	599.274	310.603
23.75	3092.08	593.772	310.954	3088.03	313.289	333.716	2805.96	321.645	334.928	2810.92	599.19	310.589
23.8	3092.16	593.73	311.173	3088.04	313.016	333.72	2806.25	321.672	334.937	2811.08	599.34	310.541
23.85	3092.18	593.691	311.152	3088.04	313.008	333.812	2806.34	321.676	334.963	2810.97	598.992	310.635
23.9	3092.17	593.812	311.061	3088.01	313.051	333.664	2806.24	321.755	334.817	2811.02	599.195	310.607
23.95	3092.1	593.659	311.166	3087.92	313.117	333.94	2806.24	321.598	335.016	2810.9	598.938	310.865
24	3092.14	593.802	311.18	3088.04	313.086	333.818	2806.19	321.534	334.937	2810.97	599.044	310.736
24.05	3092.08	593.759	311.011	3087.96	313.469	333.801	2806.01	321.633	334.943	2810.9	599.14	310.632
24.1	3092.19	593.724	311.2	3088.07	313.464	333.863	2806	321.555	335.147	2810.98	599.14	310.687
24.15	3092.05	593.733	311.051	3088.02	313.113	333.757	2805.97	321.584	335.01	2810.93	599.091	310.771
24.2	3092.17	593.835	311.089	3087.99	313.144	333.669	2806.24	321.828	334.741	2811	599.143	310.647
24.25	3092.14	593.731	311.212	3088.02	313.11	333.726	2806.25	321.687	334.983	2810.99	599.084	310.773
24.3	3092.19	593.755	311.162	3087.85	312.659	333.779	2806.26	321.763	334.949	2811	599.097	310.794
24.35	3092.05	593.709	311.048	3087.98	313.207	333.666	2806.26	321.787	334.84	2810.88	598.902	310.747
24.4	3092.1	593.64	311.185	3087.99	313.063	333.708	2806.18	321.693	334.999	2811.01	599.108	310.753
24.45	3092.06	593.654	311.139	3088.2	313.111	333.565	2805.99	321.549	335.108	2810.91	599.057	310.881
24.5	3092.06	593.699	311.012	3087.99	313.167	333.637	2805.95	321.646	334.959	2810.99	599.27	310.641
24.55	3092.05	593.656	311.129	3087.9	313.256	333.581	2806.02	321.568	335.075	2811	599.001	310.833
24.6	3092.15	593.733	311.176	3088.03	313.174	333.771	2806.22	321.672	334.981	2811.01	599.066	310.793
24.65	3092.13	593.771	311.077	3087.97	313.108	333.623	2806.24	321.749	334.845	2811.07	599.271	310.624
24.7	3092.19	593.703	311.125	3087.97	313.099	333.642	2806.31	321.703	334.912	2810.98	598.984	310.686
24.75	3092.05	593.61	311.17	3087.93	313.117	333.817	2806.25	321.71	334.992	2810.94	598.917	310.899
24.8	3092.18	593.847	311.006	3087.84	313.122	333.779	2806.21	321.721	334.793	2810.9	599.098	310.767
24.85	3092.03	593.64	311.187	3087.95	313.266	333.764	2806.03	321.402	335.022	2810.91	599.03	310.804
24.9	3092.12	593.662	311.214	3088.03	313.493	334.033	2805.99	321.563	335.093	2810.98	599.196	310.759
24.95	3092	593.701	311.057	3087.95	313.8	333.756	2805.9	321.59	335.056	2810.88	599.019	310.736
25	3092.14	593.719	311.188	3087.97	313.059	333.616	2806.21	321.624	334.982	2810.98	599.14	310.76
25.05	3092.16	593.685	311.233	3087.93	313.185	333.804	2806.26	321.751	334.908	2810.99	599.028	310.844
25.1	3092.11	593.818	311.058	3087.98	313.23	333.564	2806.2	321.77	334.78	2810.95	599.108	310.7
25.15	3092.08	593.643	311.163	3087.76	312.898	333.734	2806.24	321.672	335.018	2810.84	598.838	310.948
25.2	3092.11	593.699	311.163	3087.96	313.143	333.74	2806.25	321.737	334.923	2810.96	599.053	310.855
25.25	3092.02	593.637	311.05	3087.9	313.282	333.618	2805.95	321.596	334.987	2810.88	599.06	310.769
25.3	3092.13	593.696	311.157	3088.23	313.278	333.476	2805.93	321.495	335.109	2810.92	599.217	310.731
25.35	3092.02	593.589	311.101	3087.89	313.3	333.736	2805.99	321.579	335.125	2810.88	599.016	310.852
25.4	3092.15	593.746	311.12	3087.89	313.188	333.49	2806.22	321.757	334.857	2810.99	599.001	310.794
25.45	3092.12	593.656	311.154	3087.94	313.262	333.666	2806.27	321.74	334.914	2810.92	599.01	310.808
25.5	3092.15	593.693	311.163	3087.94	313.157	333.676	2806.27	321.745	334.908	2811.03	599.18	310.748
25.55	3092.1	593.681	311.065	3087.87	313.305	333.607	2806.28	321.714	334.866	2810.83	598.662	310.715
25.6	3092.13	593.712	311.163	3087.88	313.123	333.648	2806.28	321.79	334.908	2810.96	599.041	310.83
25.65	3092.11	593.739	311.08	3087.76	313.237	333.817	2806.13	321.75	334.892	2810.87	599.041	310.871
25.7	3092.12	593.721	311.124	3087.93	313.24	333.638	2805.98	321.419	334.925	2810.92	599.18	310.71
25.75	3092.04	593.614	311.119	3087.89	313.655	333.876	2806	321.559	335.051	2810.86	599.005	310.831
25.8	3092.12	593.703	311.204	3087.94	313.588	333.761	2806.23	321.666	334.962	2810.89	598.957	310.853
25.85	3092.12	593.661	311.151	3087.9	313.147	333.539	2806.22	321.716	334.88	2810.9	599.038	310.81
25.9	3092.16	593.672	311.213	3087.87	313.258	333.668	2806.25	321.753	334.877	2811	599.168	310.739
25.95	3092.08	593.687	311.079	3087.88	313.383	333.627	2806.19	321.761	334.894	2810.84	598.844	310.915
26	3092.13	593.729	311.105	3087.75	312.901	333.618	2806.21	321.752	334.913	2810.94	599.06	310.863
26.05	3092.07	593.711	311.066	3087.84	313.299	333.562	2806.04	321.605	335.015	2810.85	599.032	310.831
26.1	3092.15	593.738	311.157	3087.87	313.163	333.614	2806	321.648	335.045	2810.95	599.19	310.825
26.15	3092.07	593.685	311.03	3088.07	313.318	333.358	2806.02	321.636	335.005	2810.86	599.09	310.877
26.2	3092.12	593.635	311.17	3087.86	313.222	333.636	2806.28	321.763	335.01	2810.96	599.054	310.897
26.25	3092.15	593.732	311.101	3087.81	313.245	333.419	2806.25	321.794	334.862	2811.01	598.957	310.906
26.3	3092.11	593.637	311.192	3087.88	313.325	333.571	2806.24	321.726	334.94	2810.94	599.004	310.865
26.35	3092.07	593.614	311.149	3087.82	313.326	333.643	2806.23	321.699	334.974	2811	599.132	310.834
26.4	3092.2	593.681	311.12	3087.85	313.24	333.601	2806.35	321.722	334.902	2810.88	598.798	310.833
26.45	3092.08	593.724	311.009	3087.78	313.34	333.499	2806.06	321.716	334.902	2810.86	599.011	310.859
26.5	3092.18	593.704	311.226	3087.78	313.173	333.766	2806.11	321.646	335.052	2810.97	599.142	310.868
26.55	3092.04	593.785	311.033	3087.82	313.419	333.623	2805.98	321.464	334.881	2810.86	599.04	310.901
26.6	3092.17	593.788	311.102	3087.78	313.523	333.569	2806.27	321.75	334.857	2810.91	599.094	310.796
26.65	3092.15	593.644	311.24	3087.89	313.501	333.715	2806.3	321.65	335.01	2810.93	598.962	311.018
26.7	3092.12	593.733	311.104	3087.86	313.183	333.477	2806.23	321.774	334.793	2810.91	599.005	310.935
26.75	3092.04	593.643	311.123	3087.77	313.452	333.563	2806.19	321.739	334.875	2810.84	598.797	311
26.8	3092.12	593.71	311.213	3087.86	313.316	333.599	2806.19	321.682	334.992	2810.89	598.93	311.004
26.85	3092.08	593.73	311.055	3087.67	313.111	333.543	2806.03	321.672	334.985	2810.81	598.912	311.013
26.9	3092.16	593.766	311.137	3087.83	313.249	333.497	2806.03	321.653	334.979	2810.94	599.201	310.896
26.95	3092.07	593.745	311.151	3087.79	313.383	333.624	2806.02	321.666	335.106	2810.87	598.929	311.006
27	3092.17	593.822	311.043	3088.07	313.417	333.314	2806.24	321.751	334.813	2810.87	599.036	310.906
27.05	3092.08	593.703	311.096	3087.82	313.347	333.558	2806.26	321.755	334.974	2810.91	598.988	310.934
27.1	3092.13	593.681	311.207	3087.76	313.292	333.415	2806.27	321.746	334.936	2810.94	598.894	310.984
27.15	3092.08	593.673	311.063	3087.81	313.528	333.546	2806.24	321.772	334.862	2810.81	598.775	310.999
27.2	3092.1	593.685	311.149	3087.79	313.3	333.498	2806.22	321.716	334.913	2810.96	599.112	310.842
27.25	3092.1	593.741	311.088	3087.76	313.4	333.58	2806.1	321.541	335.069	2810.8	598.726	310.888
27.3	3092.16	593.747	311.16	3087.78	313.256	333.519	2806	321.604	335.02	2810.92	599.092	310.901
27.35	3092.08	593.728	311.075	3087.63	313.39	333.667	2806.08	321.693	334.915	2810.8	598.924	311.031
27.4	3092.12	593.682	311.179	3087.81	313.321	333.583	2806.32	321.707	334.876	2810.89	598.908	311.014
27.45	3092.14	593.78	311.105	3087.77	313.636	333.634	2806.27	321.82	334.796	2810.89	598.95	310.941
27.5	3092.15	593.712	311.216	3087.83	313.556	333.592	2806.32	321.779	334.868	2810.86	598.912	311.052
27.55	3092.07	593.702	311.057	3087.77	313.38	333.463	2806.23	321.716	334.896	2810.82	598.785	311.096
27.6	3092.16	593.691	311.183	3087.73	313.364	333.496	2806.2	321.655	334.949	2810.89	598.96	310.977
27.65	3092.05	593.664	311.098	3087.76	313.496	333.514	2806.05	321.518	335.016	2810.83	598.961	311.003
27.7	3092.17	593.745	311.128	3087.66	313.056	333.483	2806	321.614	335.046	2810.87	599.064	310.948
27.75	3092.04	593.659	311.1	3087.71	313.442	333.444	2805.99	321.555	335.048	2810.79	598.923	310.992
27.8	3092.1	593.636	311.227	3087.76	313.294	333.548	2806.28	321.765	334.951	2810.88	598.856	311.066
27.85	3092.11	593.718	311.113	3088	313.38	333.257	2806.29	321.748	334.846	2810.84	598.907	311.042
27.9	3092.08	593.654	311.14	3087.76	313.368	333.485	2806.2	321.7	334.946	2810.86	598.875	311.032
27.95	3092.06	593.689	311.1	3087.67	313.494	333.387	2806.27	321.778	334.893	2810.88	598.614	311.171
28	3092.14	593.777	311.121	3087.76	313.468	333.448	2806.23	321.726	334.963	2810.84	598.886	310.993
28.05	3092.07	593.662	311.13	3087.71	313.471	333.485	2806.06	321.606	335.043	2810.9	599.061	310.938
28.1	3092.23	593.7	311.158	3087.76	313.366	333.529	2806.1	321.477	335.101	2810.88	598.93	310.905
28.15	3092.07	593.725	311.013	3087.65	313.413	333.352	2805.96	321.532	335.014	2810.79	598.907	310.972
28.2	3092.18	593.714	311.228	3087.65	313.295	333.629	2806.27	321.608	335.008	2810.83	598.771	311.133
28.25	3092.07	593.677	311.135	3087.74	313.431	333.485	2806.27	321.705	334.787	2810.86	598.879	311.09
28.3	3092.15	593.767	311.116	3087.73	313.694	333.563	2806.28	321.741	334.855	2810.89	598.961	311.02
28.35	3092.08	593.656	311.147	3087.73	313.568	333.53	2806.29	321.739	334.912	2810.79	598.726	311.209
28.4	3092.09	593.71	311.101	3087.75	313.325	333.414	2806.21	321.729	334.882	2810.9	598.908	311.138
28.45	3092.05	593.68	311.071	3087.66	313.587	333.416	2805.98	321.662	334.926	2810.83	598.897	311.076
28.5	3092.15	593.673	311.235	3087.75	313.412	333.496	2806.06	321.471	335.122	2810.91	599.028	311.137
28.55	3092.04	593.693	310.988	3087.61	313.36	333.428	2805.99	321.662	334.969	2810.77	598.81	311.187
28.6	3092.14	593.719	311.147	3087.7	313.373	333.338	2806.28	321.781	334.859	2810.87	598.887	311.083
28.65	3092.15	593.757	311.222	3087.7	313.376	333.486	2806.3	321.794	334.953	2810.91	598.845	311.197
28.7	3092.18	593.828	311.062	3087.95	313.51	333.254	2806.3	321.818	334.785	2810.87	598.947	311.111
28.75	3092.03	593.651	311.041	3087.65	313.598	333.375	2806.19	321.768	334.922	2810.8	598.757	311.15
28.8	3092.14	593.652	311.208	3087.63	313.45	333.337	2806.26	321.667	335.014	2810.93	598.753	311.21
28.85	3092.03	593.713	311.056	3087.68	313.622	333.41	2805.97	321.627	334.983	2810.79	598.842	311.111
28.9	3092.18	593.779	311.116	3087.68	313.433	333.31	2805.98	321.56	335.05	2810.92	599.112	310.975
28.95	3092.08	593.649	311.127	3087.66	313.527	333.53	2806.08	321.544	335.1	2810.79	598.671	311.118
29	3092.17	593.808	311.086	3087.66	313.38	333.388	2806.31	321.826	334.791	2810.84	598.84	311.111
29.05	3092.18	593.836	311.056	3087.55	313.419	333.481	2806.27	321.692	334.885	2810.8	598.876	311.093
29.1	3092.17	593.704	311.224	3087.7	313.437	333.532	2806.3	321.612	334.99	2810.84	598.825	311.167
29.15	3092.05	593.786	311.022	3087.63	313.876	333.569	2806.19	321.712	334.884	2810.77	598.656	311.218
29.2	3092.13	593.82	311.069	3087.69	313.599	333.302	2806.21	321.703	334.91	2810.75	598.927	311.058
29.25	3092.08	593.728	311.141	3087.67	313.448	333.458	2806.02	321.553	335.116	2810.82	598.809	311.269
29.3	3092.18	593.873	311.08	3087.64	313.509	333.382	2805.91	321.63	334.895	2810.84	598.975	311.067
29.35	3092.05	593.843	311.038	3087.64	313.68	333.29	2806.03	321.588	334.957	2810.78	598.917	311.098
29.4	3092.17	593.756	311.224	3087.55	313.129	333.489	2806.31	321.77	335.053	2810.84	598.796	311.275
29.45	3092.12	593.807	311.052	3087.67	313.476	333.319	2806.29	321.861	334.761	2810.86	598.888	311.135
29.5	3092.1	593.802	311.149	3087.64	313.507	333.307	2806.23	321.789	334.901	2810.88	598.901	311.088
29.55	3092.06	593.647	311.217	3087.79	313.467	333.28	2806.22	321.635	335.036	2810.74	598.555	311.489
29.6	3092.07	593.812	311.008	3087.64	313.544	333.317	2806.16	321.73	334.872	2810.87	598.821	311.19
29.65	3092.11	593.815	311.068	3087.58	313.631	333.203	2806.02	321.621	335	2810.96	598.708	311.296
29.7	3092.14	593.758	311.286	3087.68	313.492	333.499	2805.98	321.539	335.214	2810.91	598.927	311.255
29.75	3092.05	593.829	310.966	3087.59	313.641	333.268	2805.98	321.642	334.909	2810.91	599.04	311.097
29.8	3092.18	593.819	311.112	3087.63	313.516	333.301	2806.28	321.642	334.913	2810.88	598.717	311.126
29.85	3092.13	593.709	311.24	3087.65	313.475	333.455	2806.31	321.738	334.938	2810.86	598.82	311.259
29.9	3092.17	593.854	311.047	3087.52	313.475	333.479	2806.24	321.718	334.783	2810.81	598.845	311.201
29.95	3092.06	593.793	311.131	3087.6	313.665	333.379	2806.17	321.517	334.922	2810.73	598.637	311.24
30	3092.13	593.701	311.213	3087.69	313.881	333.739	2806.23	321.685	334.956	2810.87	598.766	311.297
30.05	3092.03	593.785	311.026	3087.63	313.757	333.262	2805.94	321.669	335.011	2810.71	598.864	311.167
30.1	3092.18	593.769	311.214	3087.64	313.445	333.232	2806.01	321.55	335.088	2810.8	599.045	311.109
30.15	3092.09	593.719	311.181	3087.56	313.686	333.463	2805.99	321.563	335.097	2810.76	598.784	311.271
30.2	3092.1	593.874	311.079	3087.63	313.61	333.226	2806.17	321.749	334.796	2810.8	598.859	311.128
30.25	3092.15	593.765	311.184	3087.55	313.357	333.292	2806.28	321.782	334.952	2810.78	598.821	311.149
30.3	3092.15	593.737	311.232	3087.63	313.48	333.379	2806.31	321.762	334.947	2810.8	598.816	311.268
30.35	3092.01	593.736	311.019	3087.56	313.726	333.238	2806.16	321.761	334.86	2810.7	598.61	311.211
30.4	3092.05	593.644	311.244	3087.8	313.595	333.144	2806.22	321.676	334.994	2810.76	598.766	311.27
30.45	3092.02	593.628	311.104	3087.56	313.671	333.409	2806.02	321.589	335.104	2810.73	598.665	311.317
30.5	3092.15	593.865	311.018	3087.59	313.566	333.135	2805.97	321.639	334.89	2810.96	598.954	311.217
30.55	3092.01	593.633	311.18	3087.56	313.785	333.31	2806	321.595	335.141	2810.78	598.823	311.252
30.6	3092.13	593.714	311.213	3087.62	313.518	333.386	2806.27	321.679	334.991	2810.94	598.924	311.272
30.65	3092.2	593.672	311.089	3087.58	313.648	333.203	2806.37	321.741	334.834	2810.82	598.699	311.1
30.7	3092.15	593.666	311.238	3087.59	313.512	333.288	2806.32	321.72	334.963	2810.91	598.841	311.299
30.75	3092.1	593.72	311.114	3087.45	313.61	333.5	2806.24	321.655	334.954	2810.77	598.552	311.512
30.8	3092.03	593.746	311.053	3087.58	313.66	333.19	2806.19	321.692	334.74	2810.82	598.827	311.211
30.85	3092.06	593.615	311.179	3087.62	314.083	333.624	2806.05	321.542	335.13	2810.76	598.748	311.335
30.9	3092.11	593.698	311.194	3087.61	313.453	333.295	2805.97	321.607	335.114	2810.81	598.853	311.388
30.95	3092.02	593.715	310.979	3087.55	313.713	333.105	2805.98	321.623	334.903	2810.72	598.911	311.14
31	3092.2	593.64	311.36	3087.55	313.616	333.325	2806.35	321.728	335.041	2810.84	598.819	311.3
31.05	3092.07	593.682	311.213	3087.6	313.618	333.359	2806.14	321.528	335.066	2810.79	598.695	311.362
31.1	3092.09	593.743	311.035	3087.54	313.557	333.108	2806.22	321.849	334.78	2810.77	598.789	311.21
31.15	3092.05	593.574	311.206	3087.5	313.674	333.217	2806.23	321.639	335.032	2810.69	598.545	311.333
31.2	3092.11	593.72	311.177	3087.55	313.615	333.38	2806.23	321.77	334.962	2810.84	598.693	311.38
31.25	3092.15	593.906	310.827	3087.67	313.714	332.925	2806	321.692	334.846	2810.67	598.842	311.218
31.3	3092.1	593.674	311.191	3087.54	313.65	333.261	2805.97	321.559	335.16	2810.8	598.944	311.225
31.35	3092.06	593.69	311.114	3087.44	313.761	333.175	2806.03	321.567	335.073	2810.77	598.683	311.372
31.4	3092.13	593.851	310.962	3087.55	313.749	333.096	2806.23	321.815	334.706	2810.77	598.801	311.162
31.45	3092.16	593.763	311.227	3087.54	313.633	333.235	2806.28	321.677	335.02	2810.84	598.866	311.2
31.5	3092.21	593.781	311.152	3087.53	313.612	333.351	2806.35	321.604	335.012	2810.76	598.486	311.259
31.55	3092.04	593.833	310.913	3087.47	313.799	333.05	2806.18	321.807	334.726	2810.68	598.586	311.265
31.6	3092.13	593.629	311.319	3087.45	313.617	333.4	2806.23	321.514	335.129	2810.83	598.73	311.315
31.65	3092.05	593.746	311.126	3087.51	313.781	333.386	2806.01	321.411	334.938	2810.74	598.734	311.403
31.7	3092.15	593.938	310.925	3087.36	313.84	332.955	2805.92	321.642	334.827	2810.71	599.047	311.008
31.75	3092.15	593.646	311.155	3087.5	313.627	333.244	2806.01	321.451	335.226	2810.65	598.728	311.446
31.8	3092.14	593.837	311.12	3087.55	313.556	333.256	2806.18	321.755	334.846	2810.82	598.733	311.457
31.85	3092.11	593.849	310.989	3087.47	313.791	333.048	2806.16	321.825	334.656	2810.81	598.771	311.262
31.9	3092.17	593.765	311.316	3087.52	313.67	333.28	2806.23	321.587	335.129	2810.83	598.703	311.494
31.95	3092.08	593.778	311.031	3087.41	313.617	333.28	2806.22	321.842	334.853	2810.72	598.521	311.565
32	3092.09	593.808	311.004	3087.47	313.71	332.987	2806.21	321.782	334.782	2810.78	598.741	311.297
32.05	3092.05	593.634	311.314	3087.47	313.828	333.377	2806.02	321.549	335.245	2810.78	598.608	311.529
32.1	3092.2	593.885	311.004	3087.7	313.76	333.047	2805.96	321.594	334.948	2810.78	598.933	311.28
32.15	3092.02	593.829	310.946	3087.44	313.917	333.084	2805.92	321.637	334.94	2810.71	598.802	311.276
32.2	3092.17	593.708	311.313	3087.4	313.682	333.098	2806.34	321.807	335.026	2810.84	598.661	311.446
32.25	3092.14	593.821	311.037	3087.48	313.749	333.162	2806.3	321.842	334.773	2810.79	598.75	311.345
32.3	3092.14	593.786	311.089	3087.45	313.708	333.005	2806.25	321.744	334.869	2810.84	598.938	311.174
32.35	3092.04	593.604	311.217	3087.45	313.796	333.37	2806.31	321.731	335.019	2810.69	598.221	311.439
32.4	3092.1	593.799	311.023	3087.44	313.671	333.098	2806.16	321.706	334.837	2810.73	598.694	311.341
32.45	3092.07	593.779	311.024	3087.28	313.812	333.247	2806.11	321.787	334.846	2810.63	598.754	311.313
32.5	3092.17	593.798	311.302	3087.5	313.686	333.343	2806.03	321.351	335.165	2810.73	598.796	311.364
32.55	3092.07	593.828	310.925	3087.37	314.112	333.275	2805.99	321.695	334.884	2810.65	598.653	311.348
32.6	3092.17	593.848	311.045	3087.48	313.734	333.005	2806.3	321.848	334.798	2810.63	598.818	311.282
32.65	3092.16	593.743	311.22	3087.47	313.607	333.189	2806.26	321.682	335.012	2810.8	598.676	311.486
32.7	3092.11	593.799	311.056	3087.42	313.776	333.167	2806.17	321.764	334.761	2810.8	598.818	311.285
32.75	3092.07	593.816	310.973	3087.41	313.951	333.004	2806.17	321.739	334.815	2810.61	598.543	311.337
32.8	3092.13	593.618	311.26	3087.35	313.483	333.235	2806.24	321.647	335.097	2810.75	598.664	311.497
32.85	3092.08	593.822	310.962	3087.41	313.858	333.125	2805.99	321.646	334.908	2810.65	598.667	311.372
32.9	3092.16	593.991	311.09	3087.42	313.853	333.01	2805.96	321.73	334.977	2810.78	598.934	311.214
32.95	3092.12	593.721	311.169	3087.54	313.735	333.127	2805.97	321.452	335.28	2810.7	598.658	311.631
33	3092.11	593.78	310.996	3087.43	313.786	333.114	2806.24	321.822	334.809	2810.82	598.726	311.441
33.05	3092.14	593.798	311.035	3087.4	313.792	332.904	2806.24	321.792	334.826	2810.97	598.587	311.509
33.1	3092.16	593.571	311.281	3087.45	313.77	333.254	2806.24	321.638	335.132	2810.83	598.649	311.561
33.15	3092.07	593.791	310.924	3087.38	313.9	333.072	2806.15	321.706	334.827	2810.86	598.842	311.383
33.2	3092.18	593.769	311.033	3087.38	313.867	332.971	2806.27	321.751	334.805	2810.74	598.543	311.319
33.25	3092.01	593.495	311.333	3087.38	313.717	333.274	2806.06	321.526	335.229	2810.75	598.59	311.627
33.3	3092.2	593.962	310.911	3087.27	313.729	333.213	2806.09	321.829	334.752	2810.78	598.865	311.376
33.35	3092.02	593.74	311.051	3087.37	313.983	333.054	2806	321.5	334.917	2810.69	598.708	311.406
33.4	3092.14	593.706	311.266	3087.53	314.169	333.608	2806.32	321.703	335.028	2810.82	598.664	311.568
33.45	3092	593.748	311.152	3087.44	313.654	332.976	2806.23	321.838	334.803	2810.72	598.866	311.455
33.5	3092.19	593.808	311.072	3087.41	313.739	332.915	2806.22	321.681	334.868	2810.75	598.825	311.338
33.55	3092.08	593.54	311.318	3087.35	313.937	333.333	2806.26	321.642	335.106	2810.68	598.455	311.657
33.6	3092.13	593.984	310.865	3087.39	313.926	332.913	2806.16	321.861	334.687	2810.7	598.759	311.274
33.65	3092.08	593.69	311.109	3087.33	313.841	333.075	2805.99	321.539	335.104	2810.63	598.646	311.446
33.7	3092.17	593.7	311.215	3087.38	313.713	333.175	2806.01	321.541	335.137	2810.72	598.803	311.483
33.75	3092.07	593.838	310.89	3087.33	314.068	332.993	2805.93	321.71	334.863	2810.66	598.685	311.348
33.8	3092.2	593.814	311.075	3087.55	313.909	332.912	2806.27	321.741	334.903	2810.72	598.73	311.427
33.85	3092.12	593.703	311.126	3087.37	313.834	333.202	2806.31	321.79	335.058	2810.77	598.655	311.534
33.9	3092.12	593.823	310.967	3087.35	313.841	332.862	2806.22	321.824	334.717	2810.9	598.643	311.49
33.95	3092.06	593.657	311.087	3087.33	314.03	333.068	2806.25	321.771	334.941	2810.68	598.501	311.524
34	3092.12	593.634	311.199	3087.38	313.811	333.181	2806.19	321.594	335.064	2810.81	598.689	311.525
34.05	3092.15	593.709	310.979	3087.31	314.052	332.971	2806.11	321.515	334.963	2810.66	598.519	311.308
34.1	3092.12	593.661	311.201	3087.34	313.792	333.026	2805.96	321.518	335.099	2810.79	598.78	311.461
34.15	3092.1	593.693	311.106	3087.23	313.887	333.266	2806.07	321.613	335.013	2810.74	598.613	311.568
34.2	3092.16	593.878	310.967	3087.33	313.886	332.959	2806.29	321.809	334.679	2810.77	598.744	311.441
34.25	3092.15	593.752	311.119	3087.34	314.179	333.194	2806.27	321.724	334.884	2810.75	598.731	311.434
34.3	3092.12	593.715	311.23	3087.38	313.419	332.991	2806.31	321.721	334.935	2810.74	598.743	311.651
34.35	3092.03	593.786	310.893	3087.3	313.952	332.856	2806.17	321.789	334.704	2810.66	598.615	311.454
34.4	3092.17	593.607	311.324	3087.3	313.909	333.086	2806.25	321.65	335.051	2810.76	598.642	311.558
34.45	3092.03	593.635	311.084	3087.32	314.013	333.067	2806.01	321.511	335.003	2810.64	598.601	311.524
34.5	3092.13	593.757	311.015	3087.37	313.94	332.905	2805.94	321.593	334.94	2810.74	598.858	311.328
34.55	3092.02	593.614	311.133	3087.25	313.954	333.001	2806	321.553	335.102	2810.61	598.587	311.512
34.6	3092.14	593.745	311.176	3087.34	313.919	333.198	2806.26	321.715	334.99	2810.77	598.585	311.581
34.65	3092.14	593.866	310.892	3087.48	313.955	332.686	2806.26	321.876	334.61	2810.7	598.781	311.369
34.7	3092.11	593.652	311.208	3087.3	313.9	333.053	2806.33	321.791	335.088	2810.76	598.679	311.522
34.75	3092.06	593.716	311.043	3087.22	314.015	332.912	2806.24	321.765	334.867	2810.74	598.35	311.644
34.8	3092.05	593.804	311.068	3087.29	313.994	332.911	2806.2	321.797	334.807	2810.69	598.68	311.378
34.85	3092.04	593.654	311.151	3087.26	314.005	333.042	2806.02	321.571	335.072	2810.7	598.71	311.44
34.9	3092.15	593.719	311.16	3087.3	313.921	333.067	2806.08	321.558	335.066	2810.69	598.568	311.374
34.95	3092.01	593.773	310.989	3087.22	313.933	332.887	2805.98	321.642	334.933	2810.64	598.637	311.429
35	3092.13	593.759	311.182	3087.17	313.846	333.132	2806.27	321.664	334.943	2810.72	598.65	311.439
35.05	3092.09	593.74	311.184	3087.3	313.904	333.094	2806.24	321.563	334.915	2810.72	598.592	311.604
35.1	3092.1	593.883	311.031	3087.17	314.12	332.935	2806.23	321.775	334.751	2810.71	598.695	311.436
35.15	3092.08	593.663	311.108	3087.28	313.557	332.853	2806.27	321.698	334.925	2810.55	598.562	311.672
35.2	3092.05	593.737	311.178	3087.3	313.851	332.991	2806.19	321.684	334.959	2810.75	598.613	311.63
35.25	3092.02	593.806	310.989	3087.22	314.149	332.958	2805.96	321.709	334.825	2810.7	598.664	311.512
35.3	3092.06	593.864	311.197	3087.27	313.974	332.933	2806.04	321.59	335.027	2810.76	598.858	311.485
35.35	3092.06	593.745	311.144	3087.22	313.927	333.144	2806.04	321.613	335.134	2810.69	598.595	311.673
35.4	3092.1	593.882	310.974	3087.28	313.942	332.816	2806.24	321.826	334.718	2810.75	598.715	311.439
35.45	3092.07	593.729	311.287	3087.25	314.047	333.042	2806.27	321.754	335.029	2810.78	598.608	311.585
35.5	3092.11	593.748	311.177	3087.41	313.979	332.964	2806.23	321.694	334.947	2810.76	598.627	311.664
35.55	3091.93	593.691	310.94	3087.21	314.172	332.894	2806.15	321.737	334.831	2810.66	598.488	311.589
35.6	3092.11	593.695	311.196	3087.21	314.004	332.853	2806.24	321.676	335.01	2810.89	598.591	311.649
35.65	3092.02	593.653	311.167	3087.22	314.06	333.107	2805.98	321.573	335.145	2810.7	598.539	311.701
35.7	3092.1	593.838	311.013	3087.22	313.999	332.766	2805.96	321.66	334.877	2810.75	598.833	311.398
35.75	3092.04	593.736	311.141	3087.22	314.171	333.076	2806.05	321.514	335.112	2810.69	598.491	311.562
35.8	3092.13	593.814	311.165	3087.24	313.894	333.001	2806.26	321.714	334.898	2810.75	598.654	311.596
35.85	3092.13	593.89	311.006	3087.09	313.977	333.038	2806.26	321.759	334.742	2810.71	598.731	311.488
35.9	3092.09	593.65	311.25	3087.25	313.989	333.008	2806.29	321.683	334.926	2810.71	598.639	311.539
35.95	3092.04	593.719	311.111	3087.24	314.441	333.306	2806.23	321.712	334.932	2810.69	598.425	311.713
36	3092.08	593.785	311.093	3087.24	313.704	332.744	2806.24	321.81	334.802	2810.59	598.758	311.525
36.05	3092.01	593.639	311.156	3087.2	314.036	332.92	2806.04	321.569	335.081	2810.66	598.599	311.603
36.1	3092.12	593.694	311.226	3087.21	314.026	333.034	2805.94	321.559	335.034	2810.71	598.753	311.502
36.15	3092	593.794	311.041	3087.19	314.203	332.87	2806.02	321.612	334.925	2810.61	598.652	311.482
36.2	3092.13	593.754	311.173	3087.22	313.985	332.929	2806.3	321.812	334.94	2810.71	598.621	311.521
36.25	3092.11	593.799	311.118	3087.24	314.01	332.937	2806.3	321.814	334.861	2810.68	598.605	311.541
36.3	3092.1	593.817	311.149	3087.21	314.129	332.959	2806.27	321.829	334.867	2810.73	598.628	311.503
36.35	3092.02	593.69	311.122	3087.27	314.064	332.786	2806.25	321.755	334.873	2810.6	598.443	311.707
36.4	3092.05	593.695	311.125	3087.2	314.066	333.005	2806.18	321.635	335.019	2810.74	598.547	311.631
36.45	3092.03	593.733	311.025	3087.17	314.193	332.817	2805.99	321.63	334.939	2810.82	598.476	311.682
36.5	3092.07	593.677	311.274	3087.21	314.058	332.965	2805.97	321.557	335.155	2810.76	598.75	311.552
36.55	3092.02	593.737	311.063	3087.17	314.174	332.996	2806.02	321.641	334.999	2810.74	598.687	311.572
36.6	3092.19	593.758	311.094	3087.19	314.131	332.871	2806.35	321.702	334.903	2810.75	598.511	311.448
36.65	3092.12	593.714	311.196	3087.21	314.064	332.963	2806.29	321.73	334.963	2810.76	598.652	311.585
36.7	3092.16	593.795	311.121	3087.1	313.99	333.095	2806.27	321.697	334.905	2810.76	598.628	311.588
36.75	3091.97	593.658	311.066	3087.15	314.236	332.901	2806.22	321.722	334.824	2810.63	598.462	311.606
36.8	3092.08	593.621	311.217	3087.17	314.339	333.143	2806.22	321.648	335.016	2810.73	598.588	311.629
36.85	3092.02	593.698	311.081	3087.18	313.854	332.82	2805.98	321.62	335.071	2810.57	598.65	311.657
36.9	3092.13	593.78	311.131	3087.2	314.016	332.818	2805.98	321.572	335.005	2810.69	598.816	311.48
36.95	3092.06	593.668	311.188	3087.14	314.264	333.03	2806.03	321.631	335.056	2810.68	598.593	311.62
37	3092.08	593.853	311.116	3087.2	314.142	332.86	2806.18	321.688	334.891	2810.73	598.629	311.573
37.05	3092.13	593.776	311.147	3087.22	314.149	332.89	2806.28	321.771	334.971	2810.74	598.643	311.512
37.1	3092.13	593.758	311.172	3087.19	314.061	332.923	2806.26	321.718	334.947	2810.75	598.627	311.627
37.15	3092.05	593.753	311.018	3087.12	314.321	332.965	2806.18	321.751	334.883	2810.66	598.385	311.651
37.2	3092.13	593.826	311.036	3087.27	314.147	332.739	2806.21	321.698	334.889	2810.65	598.581	311.56
37.25	3092.02	593.662	311.101	3087.13	314.269	332.991	2806.03	321.635	335.093	2810.64	598.506	311.627
37.3	3092.15	593.794	311.072	3087.16	314.123	332.827	2806	321.619	334.974	2810.83	598.743	311.587
37.35	3092.05	593.753	311.004	3087.12	314.314	332.88	2806.01	321.665	334.994	2810.66	598.644	311.564
37.4	3092.14	593.747	311.178	3087.15	314.089	332.912	2806.28	321.732	334.942	2810.77	598.679	311.577
37.45	3092.17	593.674	311.145	3087.15	314.187	332.942	2806.33	321.658	334.947	2810.72	598.432	311.544
37.5	3092.13	593.829	311.032	3087.15	314.128	332.803	2806.24	321.762	334.816	2810.76	598.674	311.533
37.55	3092.07	593.645	311.176	3087.02	314.204	333.073	2806.21	321.589	335	2810.66	598.418	311.75
37.6	3092.1	593.815	311.137	3087.15	314.171	332.967	2806.2	321.6	334.896	2810.7	598.548	311.656
37.65	3092.04	593.806	310.973	3086.96	314.437	332.795	2806.02	321.647	334.93	2810.63	598.665	311.506
37.7	3092.18	593.703	311.197	3087.18	313.655	332.788	2806.03	321.553	335.157	2810.66	598.794	311.663
37.75	3092.01	593.763	310.968	3087.13	314.216	332.872	2805.94	321.64	334.915	2810.66	598.636	311.611
37.8	3092.13	593.832	311.089	3087.12	314.247	332.803	2806.18	321.73	334.818	2810.77	598.658	311.543
37.85	3092.08	593.715	311.275	3087.15	314.179	332.942	2806.23	321.613	335.072	2810.77	598.598	311.727
37.9	3092.11	593.772	311.082	3087.21	314.245	332.909	2806.25	321.781	334.909	2810.78	598.591	311.653
37.95	3091.99	593.722	311.003	3087.09	314.349	332.707	2806.22	321.758	334.798	2810.61	598.416	311.56
38	3092.08	593.629	311.323	3087.13	314.272	333.074	2806.24	321.696	335.16	2810.8	598.516	311.754
38.05	3092.01	593.764	310.976	3087.18	314.203	332.721	2806	321.655	334.914	2810.66	598.622	311.632
38.1	3092.07	593.815	311.024	3087.12	314.264	332.77	2805.98	321.707	334.978	2810.74	598.812	311.478
38.15	3092.05	593.608	311.224	3087.07	314.323	332.89	2806.02	321.49	335.197	2810.75	598.499	311.755
38.2	3092.15	593.806	311.034	3087.1	314.216	332.852	2806.26	321.806	334.766	2810.74	598.621	311.594
38.25	3092.09	593.77	311.097	3087.1	314.23	332.742	2806.25	321.754	334.859	2810.75	598.717	311.479
38.3	3092.15	593.712	311.215	3087.11	314.219	333.029	2806.32	321.684	335.029	2810.75	598.421	311.651
38.35	3092.01	593.763	310.99	3087.05	314.31	332.794	2806.23	321.831	334.772	2810.61	598.435	311.63
38.4	3092.13	593.776	311.106	3086.96	314.212	332.94	2806.21	321.65	334.905	2810.69	598.641	311.559
38.45	3092.04	593.702	311.221	3087.09	314.362	333.013	2806.09	321.536	335.051	2810.66	598.564	311.662
38.5	3092.11	593.821	311.053	3086.98	314.379	332.821	2806.02	321.712	334.903	2810.7	598.776	311.486
38.55	3092.03	593.721	311.065	3087.1	313.957	332.647	2805.97	321.619	335.074	2810.54	598.725	311.581
38.6	3092.13	593.71	311.257	3087.14	314.146	332.877	2806.27	321.721	334.958	2810.79	598.613	311.706
38.65	3092.11	593.829	311.054	3087.09	314.306	332.866	2806.14	321.707	334.81	2810.72	598.524	311.637
38.7	3092.11	593.88	311.1	3087.1	314.308	332.722	2806.21	321.711	334.858	2810.69	598.595	311.565
38.75	3092.05	593.639	311.189	3087.13	314.436	332.943	2806.24	321.702	335.04	2810.66	598.376	311.8
38.8	3092.08	593.826	311.061	3087.12	314.283	332.83	2806.23	321.806	334.803	2810.71	598.566	311.626
38.85	3092.04	593.855	311.099	3087.05	314.459	332.86	2805.99	321.673	335.037	2810.71	598.568	311.606
38.9	3092.12	593.756	311.203	3087.21	314.276	332.831	2805.99	321.548	335.144	2810.76	598.752	311.602
38.95	3091.99	593.746	310.996	3087.05	314.428	332.872	2805.96	321.607	335.009	2810.68	598.577	311.651
39	3092.12	593.784	311.104	3087.12	314.251	332.749	2806.22	321.716	334.882	2810.88	598.53	311.672
39.05	3092.17	593.669	311.212	3087.08	314.233	332.92	2806.28	321.702	335.065	2810.77	598.556	311.71
39.1	3092.16	593.858	311.022	3087.09	314.246	332.797	2806.26	321.833	334.785	2810.79	598.67	311.587
39.15	3092.08	593.717	311.043	3087.04	314.455	332.82	2806.25	321.625	334.931	2810.65	598.176	311.588
39.2	3092.09	593.694	311.2	3087.07	314.177	332.847	2806.23	321.69	335.001	2810.75	598.543	311.72
39.25	3092.09	593.797	310.976	3086.91	314.332	332.958	2806.11	321.759	334.841	2810.69	598.607	311.655
39.3	3092.14	593.818	311.107	3087.06	314.27	332.766	2806	321.472	334.89	2810.73	598.748	311.547
39.35	3092.08	593.689	311.144	3087.03	314.635	333.127	2806.02	321.515	335.164	2810.72	598.526	311.777
39.4	3092.06	593.802	311.11	3087.08	313.962	332.593	2806.22	321.841	334.804	2810.65	598.709	311.649
39.45	3092.14	593.723	311.124	3087.08	314.17	332.716	2806.24	321.693	334.927	2810.75	598.624	311.623
39.5	3092.16	593.701	311.229	3087.04	314.299	332.882	2806.25	321.722	334.965	2810.79	598.621	311.657
39.55	3092.05	593.77	310.982	3087.03	314.414	332.749	2806.16	321.68	334.883	2810.62	598.399	311.648
39.6	3092.13	593.733	311.097	3087.13	314.42	332.726	2806.19	321.723	334.949	2810.79	598.669	311.571
39.65	3092.08	593.696	311.114	3087.03	314.336	332.826	2806.05	321.545	335.106	2810.69	598.602	311.662
39.7	3092.11	593.684	311.12	3087.04	314.293	332.807	2805.94	321.599	335.026	2810.78	598.719	311.6
39.75	3092.02	593.635	311.07	3087.07	314.306	332.618	2805.95	321.531	335.071	2810.65	598.581	311.678
39.8	3092.1	593.664	311.172	3087.05	314.236	332.837	2806.28	321.744	335.03	2810.78	598.556	311.72
39.85	3092.12	593.779	311.051	3087.08	314.209	332.725	2806.24	321.797	334.831	2810.85	598.414	311.735
39.9	3092.14	593.773	311.104	3087.03	314.253	332.764	2806.24	321.716	334.93	2810.76	598.587	311.635
39.95	3092.07	593.745	311.062	3087.01	314.375	332.814	2806.25	321.749	334.924	2810.79	598.618	311.61
40	3092.2	593.747	311.121	3087.02	314.285	332.799	2806.32	321.682	334.961	2810.77	598.485	311.575
40.05	3092.05	593.722	311.025	3086.99	314.318	332.71	2806.03	321.628	334.98	2810.71	598.622	311.608
40.1	3092.17	593.741	311.156	3086.94	314.161	332.907	2806.11	321.687	334.983	2810.78	598.728	311.572
40.15	3092.02	593.695	311.074	3086.98	314.413	332.764	2805.98	321.397	334.949	2810.66	598.58	311.65
40.2	3092.13	593.719	311.168	3086.9	314.375	332.805	2806.24	321.607	335.005	2810.77	598.558	311.695
40.25	3092.09	593.729	311.167	3087.04	313.997	332.617	2806.26	321.771	334.887	2810.67	598.666	311.708
40.3	3092.16	593.807	311.123	3087.04	314.167	332.67	2806.27	321.781	334.861	2810.78	598.646	311.638
40.35	3092.06	593.699	311.119	3086.97	314.412	332.791	2806.21	321.753	334.897	2810.69	598.4	311.735
40.4	3092.09	593.77	311.121	3087.01	314.27	332.703	2806.25	321.807	334.853	2810.72	598.561	311.653
40.45	3092.05	593.691	311.088	3087.06	314.538	332.688	2806.02	321.651	335.003	2810.72	598.624	311.61
40.5	3092.12	593.705	311.169	3087.03	314.193	332.751	2806	321.572	335.069	2810.78	598.804	311.625
40.55	3092.02	593.639	311.055	3086.96	314.432	332.768	2805.96	321.618	335.011	2810.7	598.537	311.666
40.6	3092.21	593.838	311.054	3087.11	314.293	332.628	2806.31	321.791	334.853	2810.73	598.559	311.682
40.65	3092.1	593.69	311.116	3087	314.251	332.762	2806.29	321.794	334.991	2810.74	598.489	311.727
40.7	3092.15	593.806	311.085	3087.05	314.174	332.704	2806.26	321.776	334.873	2810.88	598.482	311.751
40.75	3092.05	593.696	311.078	3086.93	314.341	332.752	2806.27	321.797	334.913	2810.69	598.417	311.751
40.8	3092.12	593.755	311.115	3087	314.244	332.747	2806.24	321.752	334.918	2810.78	598.588	311.668
40.85	3092.13	593.768	311.006	3086.93	314.412	332.682	2806.13	321.55	335.004	2810.69	598.461	311.562
40.9	3092.14	593.736	311.163	3086.99	314.166	332.688	2806.01	321.592	335.055	2810.8	598.712	311.642
40.95	3092.09	593.752	311.047	3086.84	314.299	332.866	2806.1	321.729	334.909	2810.72	598.573	311.705
41	3092.12	593.743	311.125	3086.98	314.239	332.708	2806.28	321.696	334.848	2810.79	598.607	311.66
41.05	3092.12	593.718	311.13	3086.78	314.266	332.602	2806.29	321.79	334.863	2810.74	598.553	311.675
41.1	3092.12	593.711	311.202	3087.01	314.068	332.624	2806.26	321.69	334.955	2810.73	598.657	311.739
41.15	3092	593.596	311.092	3086.93	314.265	332.6	2806.18	321.673	334.909	2810.68	598.422	311.73
41.2	3092.13	593.625	311.221	3086.96	314.28	332.725	2806.24	321.714	334.952	2810.76	598.577	311.675
41.25	3092.04	593.628	311.088	3086.95	314.358	332.678	2806.05	321.541	335.005	2810.66	598.527	311.668
41.3	3092.15	593.723	311.108	3087.05	314.347	332.652	2805.99	321.591	335.058	2810.82	598.795	311.535
41.35	3092.03	593.679	311.055	3086.95	314.369	332.677	2805.99	321.596	335.018	2810.69	598.616	311.641
41.4	3092.13	593.717	311.175	3086.96	314.241	332.732	2806.3	321.824	334.94	2810.79	598.565	311.679
41.45	3092.12	593.684	311.134	3087.04	314.18	332.57	2806.29	321.744	334.861	2810.77	598.579	311.693
41.5	3092.06	593.687	311.078	3086.96	314.253	332.648	2806.23	321.746	334.9	2810.78	598.6	311.633
41.55	3092.05	593.624	311.157	3086.97	314.289	332.711	2806.24	321.667	335.001	2810.77	598.179	311.864
41.6	3092.08	593.708	311.101	3086.92	314.235	332.625	2806.29	321.868	334.813	2810.75	598.541	311.648
41.65	3092.07	593.709	311.084	3086.94	314.365	332.688	2806.06	321.627	335.029	2810.74	598.588	311.624
41.7	3092.2	593.714	311.143	3086.93	314.185	332.688	2806.06	321.508	335.089	2810.79	598.631	311.56
41.75	3092.03	593.656	311.035	3086.89	314.213	332.58	2805.97	321.555	335.007	2810.69	598.554	311.629
41.8	3092.16	593.767	311.104	3086.84	314.191	332.747	2806.25	321.677	334.88	2810.72	598.539	311.632
41.85	3092.09	593.625	311.237	3086.95	314.226	332.732	2806.28	321.568	334.949	2810.75	598.517	311.76
41.9	3092.13	593.781	311.047	3086.66	314.18	332.349	2806.26	321.76	334.797	2810.77	598.605	311.635
41.95	3092.09	593.658	311.127	3086.94	314.214	332.607	2806.27	321.693	334.937	2810.62	598.541	311.782
42	3092.08	593.672	311.128	3086.95	314.109	332.634	2806.2	321.655	334.949	2810.83	598.561	311.793
42.05	3092.01	593.728	310.946	3086.89	314.415	332.575	2805.94	321.66	334.837	2810.75	598.628	311.651
42.1	3092.12	593.661	311.192	3086.94	314.238	332.615	2806.03	321.538	335.041	2810.81	598.733	311.693
42.15	3092.05	593.588	311.114	3086.95	314.438	332.678	2806.02	321.574	335.116	2810.77	598.559	311.758
42.2	3092.14	593.84	310.971	3086.98	314.271	332.574	2806.24	321.758	334.791	2810.79	598.568	311.647
42.25	3092.1	593.708	311.226	3086.92	314.246	332.634	2806.27	321.757	334.983	2810.83	598.539	311.728
42.3	3092.16	593.764	311.149	3087.03	314.25	332.596	2806.29	321.735	334.907	2810.8	598.519	311.812
42.35	3091.99	593.717	310.958	3086.87	314.392	332.538	2806.22	321.875	334.817	2810.74	598.444	311.736
42.4	3092.09	593.689	311.2	3086.99	314.175	332.693	2806.23	321.635	335.031	2810.94	598.493	311.849
42.45	3092.03	593.634	311.073	3086.86	314.327	332.665	2805.98	321.589	335.068	2810.77	598.543	311.777
42.5	3092.13	593.76	311.102	3086.95	314.26	332.567	2805.97	321.575	334.982	2810.83	598.691	311.67
42.55	3092.07	593.663	311.123	3086.88	314.365	332.654	2806.05	321.527	335.086	2810.75	598.404	311.739
42.6	3092.12	593.726	311.194	3086.93	314.161	332.602	2806.29	321.744	334.91	2810.83	598.57	311.76
42.65	3092.15	593.857	311.019	3086.8	314.193	332.674	2806.26	321.745	334.781	2810.79	598.609	311.704
42.7	3092.12	593.789	311.193	3086.91	314.239	332.601	2806.32	321.731	334.9	2810.81	598.598	311.701
42.75	3092.04	593.718	311.122	3086.67	314.342	332.571	2806.25	321.75	334.933	2810.73	598.33	311.87
42.8	3092.08	593.823	311.055	3086.93	314.354	332.49	2806.19	321.741	334.869	2810.72	598.715	311.658
42.85	3092.04	593.691	311.123	3086.9	314.255	332.593	2806.02	321.564	335.068	2810.74	598.573	311.755
42.9	3092.17	593.742	311.219	3086.89	314.231	332.641	2805.99	321.529	335.101	2810.82	598.705	311.679
42.95	3092.03	593.8	310.975	3086.88	314.414	332.462	2806	321.627	334.888	2810.68	598.539	311.629
43	3092.15	593.723	311.176	3086.97	314.338	332.546	2806.29	321.805	334.974	2810.79	598.526	311.722
43.05	3092.13	593.743	311.183	3086.94	314.204	332.654	2806.28	321.722	334.952	2810.78	598.489	311.777
43.1	3092.12	593.857	311.034	3086.87	314.226	332.432	2806.25	321.861	334.752	2810.82	598.624	311.601
43.15	3092.09	593.753	311.114	3086.9	314.223	332.475	2806.24	321.681	334.983	2810.71	598.378	311.874
43.2	3092.09	593.725	311.158	3086.89	314.238	332.655	2806.25	321.753	335.033	2810.83	598.507	311.792
43.25	3092.05	593.743	310.984	3086.99	314.289	332.597	2805.99	321.61	334.91	2810.9	598.45	311.785
43.3	3092.15	593.749	311.176	3086.88	314.202	332.573	2805.94	321.518	335.172	2810.82	598.687	311.68
43.35	3092.07	593.666	311.158	3086.88	314.317	332.687	2806.03	321.567	335.114	2810.81	598.546	311.792
43.4	3092.22	593.737	311.028	3086.86	314.228	332.431	2806.36	321.692	334.845	2810.8	598.462	311.602
43.45	3092.14	593.749	311.174	3086.89	314.226	332.514	2806.33	321.783	334.899	2810.83	598.562	311.73
43.5	3092.16	593.716	311.198	3086.82	314.116	332.717	2806.29	321.622	334.986	2810.89	598.553	311.753
43.55	3092.04	593.858	310.966	3086.81	314.412	332.426	2806.22	321.723	334.749	2810.73	598.449	311.73
43.6	3092.11	593.725	311.158	3086.61	314.176	332.366	2806.27	321.698	334.962	2810.82	598.58	311.726
43.65	3092.07	593.681	311.121	3086.88	314.437	332.609	2806.01	321.567	335.119	2810.71	598.579	311.825
43.7	3092.12	593.81	311.066	3086.89	314.141	332.385	2805.94	321.569	334.957	2810.79	598.784	311.596
43.75	3092.04	593.6	311.197	3086.81	314.412	332.587	2805.98	321.545	335.103	2810.76	598.544	311.768
43.8	3092.12	593.747	311.215	3086.89	314.199	332.576	2806.2	321.6	335.007	2810.79	598.456	311.815
43.85	3092.09	593.766	311.021	3086.97	314.489	332.331	2806.23	321.84	334.794	2810.81	598.585	311.589
43.9	3092.16	593.735	311.206	3086.9	314.216	332.543	2806.29	321.7	334.979	2810.82	598.548	311.763
43.95	3092.06	593.747	311.134	3086.82	314.282	332.612	2806.23	321.773	334.99	2810.75	598.306	311.845
44	3092.11	593.797	310.98	3086.93	314.238	332.281	2806.23	321.794	334.725	2810.73	598.578	311.581
44.05	3092.03	593.668	311.131	3086.81	314.367	332.537	2806.04	321.652	335.107	2810.73	598.542	311.689
44.1	3092.16	593.7	311.217	3086.96	314.098	332.643	2806.02	321.52	335.128	2810.84	598.742	311.684
44.15	3092.04	593.737	310.917	3086.75	314.342	332.388	2805.94	321.62	334.916	2810.71	598.593	311.628
44.2	3092.13	593.64	311.253	3086.85	314.185	332.518	2806.27	321.667	335.004	2810.83	598.605	311.694
44.25	3092.15	593.658	311.181	3086.84	314.139	332.571	2806.33	321.644	334.989	2810.78	598.333	311.739
44.3	3092.13	593.814	311.015	3086.83	314.221	332.301	2806.22	321.781	334.728	2810.79	598.599	311.607
44.35	3092.07	593.58	311.213	3086.74	314.253	332.656	2806.22	321.564	335.069	2810.73	598.362	311.859
44.4	3092.13	593.745	311.204	3086.81	314.228	332.546	2806.24	321.619	334.965	2810.81	598.526	311.778
44.45	3092.04	593.79	310.926	3086.34	314.118	331.859	2806	321.682	334.846	2810.72	598.606	311.608
44.5	3092.13	593.63	311.253	3086.87	314.417	332.547	2806.02	321.545	335.127	2810.75	598.75	311.725
44.55	3092.03	593.642	311.117	3086.8	314.228	332.505	2805.98	321.586	335.045	2810.78	598.504	311.847
44.6	3092.12	593.841	310.971	3086.78	314.264	332.296	2806.18	321.885	334.624	2810.83	598.566	311.663
44.65	3092.13	593.666	311.231	3086.83	314.219	332.483	2806.23	321.665	334.999	2810.83	598.53	311.825
44.7	3092.16	593.702	311.166	3086.88	314.309	332.444	2806.29	321.766	334.973	2810.87	598.544	311.792
44.75	3092.04	593.774	310.956	3086.81	314.38	332.395	2806.21	321.789	334.757	2810.73	598.362	311.732
44.8	3092.1	593.72	311.221	3086.79	314.164	332.451	2806.18	321.702	335.031	2810.88	598.523	311.794
