11.4	2909.81	827.603	201.726	3120.4	644.217	217.783	2742.12	665.471	218.855	0	0	0
11.45	2909.2	830.741	207.102	3119.02	642.502	218.246	2739.94	660.347	219.826	0	0	0
11.5	2905.27	830.05	207.163	3117.96	644.732	218.138	2738.7	657.243	220.142	0	0	0
11.55	2901.4	829.398	207.017	3116.84	646.93	217.916	2737.42	654.261	220.321	0	0	0
11.6	2897.86	828.623	207.249	3115.78	649.152	217.779	2736.19	651.189	220.521	0	0	0
11.65	2893.9	827.98	207.256	3114.54	651.199	217.634	2734.88	648.227	220.744	0	0	0
11.7	2890.41	827.059	207.303	3113.39	653.497	217.39	2961.22	467.71	239.804	2733.74	645.223	220.881
11.75	2886.45	826.275	207.365	3112.06	655.618	217.297	2962.58	467.78	239.815	2732.7	642.036	221.292
11.8	2882.98	825.299	207.531	3110.88	657.814	217.184	2964.13	467.761	240.001	2731.73	638.946	221.566
11.85	2879.3	824.517	207.432	3109.55	660.105	216.918	2730.72	635.867	221.768	0	0	0
11.9	2875.45	823.579	207.69	3108.17	662.213	216.84	2966.85	468.115	239.908	2729.67	632.751	222.115
11.95	2871.69	822.657	207.603	3106.74	664.402	216.622	2968.16	468.333	239.879	2728.77	629.903	222.359
12	2868.12	821.614	207.769	3105.32	666.624	216.394	2969.48	468.574	239.845	2727.85	626.734	222.536
12.05	2864.33	820.68	207.864	3103.89	668.725	216.328	2970.57	469.046	239.527	2726.84	623.806	222.633
12.1	2860.91	819.637	208.129	3102.42	670.934	216.18	2971.81	469.325	239.479	2725.94	620.845	222.87
12.15	2856.86	818.458	207.838	3100.77	673.028	215.982	2973.04	469.703	239.375	2725.11	617.845	223.104
12.2	2853.57	817.217	208.317	3099.15	675.369	216.053	2974.5	469.841	239.613	2724.55	614.622	223.544
12.25	2849.83	816.113	208.197	3097.62	677.24	215.736	2975.74	470.21	239.587	2723.75	611.629	223.71
12.3	2846.2	814.831	208.377	3095.93	679.411	215.616	2976.93	470.759	239.454	2723.01	608.601	224.041
12.35	2842.39	813.933	208.557	3093.98	681.717	215.549	2978.1	471.209	239.369	2722.31	605.521	224.27
12.4	2838.72	812.274	208.634	3092.28	683.805	215.341	2979.28	471.751	239.345	2721.63	602.549	224.528
12.45	2834.98	811.298	208.722	3090.43	685.931	215.2	2980.21	472.436	239	2720.74	599.537	224.553
12.5	2831.72	809.964	208.916	3088.6	688.103	215.079	2981.38	473.089	238.944	2720.23	596.729	224.941
12.55	2827.93	808.443	208.59	3086.75	690.118	214.753	2982.51	473.656	238.899	2719.7	593.704	225.049
12.6	2824.47	806.922	208.923	3084.75	692.354	214.737	2983.96	474.114	239.229	2719.24	590.664	225.479
12.65	2820.78	805.497	209.053	3082.81	694.402	214.652	2984.97	474.811	238.996	2718.76	587.675	225.778
12.7	2817.27	804.106	209.154	3080.74	696.619	214.407	2985.95	475.808	238.547	2718.32	584.735	225.999
12.75	2813.62	802.565	209.305	3078.7	698.733	214.276	2987.03	476.414	238.785	2717.79	581.68	226.363
12.8	2810.15	800.963	209.362	3076.57	700.988	214.283	2988.07	477.308	238.552	2717.49	579.342	226.718
12.85	2806.43	799.625	209.441	3074.41	702.837	213.95	2988.94	478.161	238.406	2716.93	576.184	226.592
12.9	2803.16	797.974	209.616	3072.32	704.837	213.885	2989.87	478.901	238.404	2716.69	573.29	226.754
12.95	2799.44	796.421	209.64	3070.1	706.781	213.726	2990.8	479.668	238.243	2716.29	570.49	227.062
13	2796.12	794.678	209.802	3067.72	708.924	213.359	2991.98	480.761	238.012	2716.18	567.516	227.394
13.05	2792.58	793.029	210.108	3065.63	710.755	213.45	2992.99	481.568	238.085	2716.05	564.572	227.656
13.1	2789.2	791.275	210.243	3063.3	712.477	213.349	2993.81	482.516	237.999	2715.69	561.67	227.918
13.15	2785.56	789.541	210.133	3060.85	714.711	213.093	2994.65	483.607	237.798	2715.51	558.984	228.134
13.2	2782.14	787.724	210.396	3058.54	716.692	213.03	2995.43	484.471	237.962	2715.35	556.056	228.373
13.25	2778.61	785.977	210.35	3055.99	718.592	212.911	2996.2	485.745	237.605	2715.08	553.497	228.406
13.3	2775.41	784.212	210.772	3053.62	720.544	212.77	2996.98	486.766	237.504	2714.79	550.557	228.53
13.35	2771.78	782.271	210.695	3051.01	722.477	212.65	2997.7	487.725	237.634	2714.82	548.074	228.868
13.4	2768.63	780.492	211.05	3048.81	724.215	212.229	2998.63	489.028	237.339	2715.25	545.064	229.045
13.45	2765.17	778.568	211.222	3045.86	726.289	212.316	2999.7	490.424	237.564	2714.93	542.477	229.436
13.5	2761.94	776.705	211.632	3043.27	728.113	212.271	3000.23	491.416	237.441	2715.02	539.747	229.783
13.55	2758.41	774.823	211.427	3040.54	730.03	212.042	3000.81	493.003	237.148	2715.06	537.072	229.951
13.6	2755.25	772.74	211.885	3037.96	731.953	211.972	3001.58	494.095	237.252	2714.97	534.266	230.414
13.65	2751.75	770.932	211.779	3035.12	734.014	212.113	3002.27	495.34	237.421	2714.94	532.723	230.633
13.7	2748.59	769.081	212.203	3032.4	735.519	211.728	3002.67	496.902	236.763	2715.13	529.428	230.591
13.75	2745.44	766.899	212.172	3029.53	737.189	211.693	3003.22	498.115	236.827	2715.25	526.798	230.75
13.8	2742.25	764.698	212.486	3026.84	738.856	211.494	3003.82	499.269	236.726	2715.6	524.175	231.052
13.85	2739.05	762.569	212.529	3023.64	740.774	210.984	3004.39	500.963	236.274	2715.92	521.525	231.404
13.9	2735.88	760.591	212.822	3021.07	742.226	211.248	3005.01	502.33	236.142	2716.01	519.852	231.79
13.95	2732.47	758.242	212.794	3018.1	743.359	211.209	3005.28	503.699	236.107	2716.22	517.16	231.928
14	2729.64	756.062	213.229	3015.08	745.592	210.969	3005.59	505.353	235.682	2716.4	514.676	232.148
14.05	2726.33	753.917	213.412	3012.08	747.181	210.887	3005.17	508.029	234.436	2716.68	512.355	232.277
14.1	2723.25	751.725	213.751	3009	748.778	210.848	3006.06	508.609	235.227	2717.01	509.956	232.331
14.15	2720.08	749.661	213.806	3005.96	750.336	210.701	3006.35	510.031	235.096	2717.14	507.342	232.488
14.2	2717.06	747.292	214.124	3002.82	751.984	210.59	3006.81	511.457	235.158	2717.79	505.12	232.942
14.25	2714.09	745.103	214.376	3000.18	753.2	210.093	3007.03	513.047	235.03	2718.1	502.742	233.079
14.3	2711	742.703	214.423	2996.44	755.151	210.291	3007.66	514.521	235.747	2718.28	500.77	233.008
14.35	2707.98	740.539	215.03	2993.24	756.546	210.269	3007.49	516.004	235.055	2718.92	498.128	233.498
14.4	2704.93	738.153	214.904	2990.01	758.116	210.149	3007.41	518.058	234.598	2719.34	495.894	233.737
14.45	2702.04	735.73	215.254	2986.79	759.698	209.991	3007.45	519.694	234.33	2719.42	493.795	233.927
14.5	2699	733.582	215.315	2983.44	761.646	210.44	3007.39	521.324	234.292	2719.95	491.779	233.958
14.55	2695.89	731.524	215.606	2980.04	762.495	209.948	3007.49	523.052	234.078	2720.57	489.679	234.34
14.6	2693.41	728.801	215.693	2976.65	763.863	209.892	3007.53	524.627	233.857	2721.25	487.195	234.536
14.65	2690.34	726.23	215.932	2973.43	765.008	209.741	3007.5	525.752	233.725	2721.74	485.146	234.663
14.7	2687.54	723.736	216.102	2969.55	766.625	209.188	3007.53	528.267	233.611	2722.44	482.92	234.963
14.75	2684.56	721.422	216.323	2966.44	767.642	209.441	3007.4	530.005	233.453	2723.19	480.788	234.856
14.8	2681.67	718.459	216.328	2963.03	768.107	209.602	3007.24	531.726	233.506	2723.28	479.381	234.743
14.85	2679.13	716.275	216.748	2959.38	770.244	209.354	3006.93	533.768	232.982	2723.72	477.169	235.087
14.9	2676.39	713.656	217.123	2956.02	771.363	209.267	3006.63	535.521	233.062	2724.26	475.343	235.251
14.95	2673.45	711.261	217.174	2952.26	772.496	209.366	3006.46	537.579	233.025	2725.16	473.152	235.277
15	2670.96	708.71	217.499	2948.85	773.702	209.193	3006.26	539.325	232.625	2725.84	471.002	235.441
15.05	2668.16	706.117	217.78	2945.13	774.907	209.139	3005.9	541.138	232.612	2726.64	469.294	235.638
15.1	2665.72	703.594	218.136	2942.14	775.821	208.686	3005.56	543.115	232.442	2727.48	467.278	235.81
15.15	2662.78	700.872	218.009	2937.73	777.147	209.001	3005.4	545.617	232.432	2727.99	465.581	235.965
15.2	2660.63	698.374	218.963	2934.05	778.206	208.962	3004.71	546.963	232.122	2728.73	463.748	236.186
15.25	2657.65	695.806	218.518	2930.29	779.294	208.919	3004.18	549.183	231.857	2729.15	462.292	236.178
15.3	2655.34	693.006	218.96	2926.79	780.349	208.861	3003.57	551.067	231.617	2729.81	460.425	236.559
15.35	2652.45	690.725	218.851	2922.79	781.554	208.938	3002.9	553.148	231.414	2730.58	459.052	236.599
15.4	2650.18	687.979	219.398	2919.09	782.215	208.831	3002.54	555.073	231.304	2731.76	457.067	237.038
15.45	2647.87	685.275	219.474	2915.25	783.363	209.067	3001.79	556.812	231.056	2732.41	455.394	236.981
15.5	2645.2	682.395	219.567	2911.61	784.106	208.859	3001.17	558.37	230.646	2733.22	453.827	237.12
15.55	2642.71	679.723	219.743	2907.33	785.197	208.361	3000.48	561.147	230.813	2734.01	452.247	237.245
15.6	2640.41	677.066	220.201	2904.27	785.518	208.403	2999.68	563.151	230.731	2735.04	450.593	237.322
15.65	2637.78	673.958	219.939	2899.77	786.294	208.557	2998.79	565.146	230.61	2735.45	449.568	237.099
15.7	2635.87	671.468	220.664	2896.17	787.371	208.416	2997.81	567.377	230.116	2736.21	447.832	237.552
15.75	2633.24	668.901	220.87	2891.92	788.441	208.335	2996.81	569.563	229.988	2737.14	446.272	237.687
15.8	2631.17	666.072	220.974	2888.14	788.833	208.301	2996.22	571.839	230.219	2738.14	444.879	237.913
15.85	2628.91	663.271	221.376	2884.18	789.517	208.424	2995.18	573.778	229.667	2738.85	443.38	237.909
15.9	2626.65	660.515	221.624	2879.95	790.172	208.314	2994.23	575.94	229.493	2739.86	442.237	238.135
15.95	2624.44	657.852	221.903	2875.74	791.032	208.026	2993.21	577.985	229.527	2740.78	440.854	238.279
16	2622.14	654.758	221.957	2871.94	791.325	208.301	2992.73	581.022	229.73	2741.5	439.814	238.265
16.05	2620.42	652.305	222.766	2867.43	792.18	207.881	2991.27	582.801	229.345	2742.14	438.797	238.214
16.1	2617.98	649.383	222.569	2863.69	792.419	208.188	2990.22	585.029	229.237	2742.98	437.631	238.329
16.15	2615.91	646.694	222.721	2859.72	793.395	207.785	2988.7	587.322	229.037	2743.7	436.38	238.615
16.2	2613.81	643.988	222.904	2855.46	793.376	208.136	2987.65	589.236	228.942	2745.06	435.397	239.051
16.25	2611.86	641.084	223.333	2851.24	793.782	208.018	2986.28	591.51	228.729	2746.13	434.094	239.113
16.3	2609.99	638.391	223.415	2846.95	794.224	208.084	2984.97	593.817	228.479	2746.87	433.054	238.953
16.35	2607.59	635.407	223.418	2842.78	794.542	207.991	2983.52	595.533	228.231	2747.77	432.108	239.017
16.4	2605.81	632.529	223.864	2838.51	794.823	207.946	2982.06	598.124	228.225	2748.74	431.034	239.177
16.45	2603.75	629.853	224.152	2834.42	794.919	207.869	2980.37	600.375	228.097	2749.64	430.212	238.949
16.5	2601.91	626.671	224.231	2830	794.843	208.359	2979.01	602.448	227.859	2750.38	429.555	238.905
16.55	2599.98	624.182	224.517	2825.78	795.602	208.014	2977.35	604.704	227.601	2751.13	428.58	239.165
16.6	2598.33	621.203	224.89	2821.54	796.021	208.184	2975.9	606.914	227.493	2752.13	427.149	239.685
16.65	2596.44	618.394	224.985	2817.34	795.881	208.089	2974.25	609.12	227.425	2752.97	426.647	239.628
16.7	2594.75	615.54	225.376	2812.97	795.974	208.16	2972.53	611.427	227.144	2753.51	425.685	239.518
16.75	2592.83	612.79	225.497	2808.44	796.138	208.152	2970.84	613.623	226.945	2754.72	425.33	239.733
16.8	2591.27	609.882	225.887	2804.28	796.238	208.142	2969.05	615.895	226.803	2755.52	424.511	239.99
16.85	2589.24	606.868	225.746	2800	796.037	208.295	2967.17	618.079	226.613	2756.33	424.229	239.595
16.9	2588.24	604.244	226.768	2795.46	796.368	208.17	2965.26	620.181	226.524	2757.2	423.694	239.695
16.95	2586.09	601.502	226.366	2791.13	796.199	208.209	2963.45	622.347	226.289	2758.08	423.089	239.769
17	2584.67	598.644	226.7	2787.23	796.439	208.147	2961.47	624.702	226.057	2759.17	422.473	239.994
17.05	2582.96	595.903	226.834	2782.47	795.957	208.414	2959.68	626.702	226.078	2760.03	422.32	240.247
17.1	2581.57	593.007	227.159	2778.09	795.793	208.252	2957.49	629.103	225.757	2761.25	421.467	240.453
17.15	2579.99	590.343	227.258	2773.49	795.657	208.392	2955.49	631.455	225.578	2761.82	421.061	240.145
17.2	2578.34	587.66	227.501	2769.31	795.326	208.515	2953.36	633.621	225.463	2762.68	420.713	240.195
17.25	2576.87	584.537	227.564	2764.67	795.217	208.351	2951.04	635.751	225.19	2763.38	420.519	240.067
17.3	2575.5	581.676	228.128	2760.64	794.536	208.51	2948.66	637.959	225.264	2764.59	420.049	240.042
17.35	2573.92	578.782	227.981	2755.65	794.07	208.954	2946.61	640.159	224.872	2765.13	420.103	239.871
17.4	2572.76	576.079	228.363	2751.55	794.146	208.853	2944.26	642.44	224.577	2766.06	419.573	240.239
17.45	2571.55	573.201	228.603	2747.01	793.937	209.003	2942.04	644.556	224.616	2767.06	419.063	240.443
17.5	2570.04	570.455	228.651	2742.67	793.338	209.024	2939.66	646.726	224.403	2767.73	419.237	240.398
17.55	2568.68	567.787	229.04	2738.06	792.868	209.037	2937.16	649.074	224.183	2768.2	418.919	240.234
17.6	2567.48	564.881	229.307	2733.62	792.397	209.439	2934.83	651.13	224.013	2769.33	419.206	240.379
17.65	2566.19	562.311	229.501	2729.15	792.016	209.225	2932.17	653.339	223.789	2769.9	419.248	240.579
17.7	2564.79	559.132	229.635	2724.93	791.141	209.695	2929.66	655.39	223.716	2770.79	419.616	240.019
17.75	2563.97	556.905	230.458	2720	790.916	209.489	2927.02	657.499	223.565	2771.64	419.543	240.314
17.8	2562.55	553.988	230.189	2715.51	790.494	209.965	2924.76	659.586	223.201	2772.59	419.346	240.655
17.85	2561.46	551.406	230.371	2711.65	789.779	209.621	2921.85	661.866	223.248	2773.41	419.515	240.673
17.9	2560.34	548.749	230.566	2706.73	788.767	210.044	2919.3	663.806	223.149	2774.27	420.26	240.94
17.95	2559.2	546.05	230.772	2702.18	788.078	209.91	2916.32	666.068	222.923	2774.9	419.913	240.532
18	2558.29	543.396	231.062	2697.76	787.308	210.253	2913.6	668.069	222.801	2775.58	420.005	240.723
18.05	2556.98	541.222	231.306	2693.11	786.266	210.134	2910.64	670.443	222.774	2775.99	420.651	240.27
18.1	2556.16	537.862	231.337	2688.76	785.598	210.42	2907.58	672.21	222.307	2776.72	420.98	240.173
18.15	2555	535.325	231.706	2684.52	784.41	210.347	2904.59	674.263	222.6	2777.73	421.224	239.959
18.2	2554.15	532.508	231.721	2679.55	783.318	211.053	2901.82	676.386	221.92	2778.13	421.376	240.322
18.25	2553.23	530.084	232	2675.36	782.93	210.901	2898.57	678.404	221.433	2778.82	421.901	240.317
18.3	2552.64	527.265	232.218	2670.79	782.212	211.145	2895.9	680.328	221.797	2779.4	422.135	240.387
18.35	2551.34	524.843	232.172	2666.3	780.963	211.166	2892.8	682.151	221.456	2779.88	422.944	240.16
18.4	2550.65	522.399	232.74	2662	779.933	211.283	2889.63	684.266	221.373	2780.09	423.248	239.987
18.45	2549.68	519.76	232.817	2657.53	778.951	211.652	2886.62	686.015	221.173	2780.74	424.27	239.847
18.5	2549	517.402	233.223	2653.18	777.859	211.479	2883.32	688.043	221.051	2781.01	424.747	239.85
18.55	2547.73	514.639	233.063	2648.8	776.557	211.726	2880.29	689.925	221.042	2781.65	425.593	239.489
18.6	2547.56	512.562	233.997	2644.22	775.669	211.655	2877.02	691.921	220.873	2782.34	425.915	239.922
18.65	2546.48	509.925	233.766	2639.8	774.578	211.928	2874.2	693.461	220.235	2782.85	426.451	240.056
18.7	2545.88	507.651	233.856	2635.82	773.382	211.739	2870.44	695.682	220.534	2783.31	427.271	239.94
18.75	2545.03	505.339	234.033	2630.94	771.834	212.011	2867.3	697.249	220.501	2783.8	428.474	240.062
18.8	2544.56	502.726	234.246	2626.65	770.425	211.977	2863.66	699.331	220.147	2784.16	428.792	239.734
18.85	2543.85	500.567	234.421	2622.23	769.168	212.218	2860.18	700.954	220.102	2784.29	429.81	239.462
18.9	2543.16	498.752	235.025	2617.87	767.57	212.407	2856.69	703.29	220.249	2784.61	430.735	239.249
18.95	2542.45	495.639	234.617	2613.32	766.455	212.354	2852.93	704.65	219.7	2784.91	431.568	239.247
19	2541.95	493.226	235.181	2609.31	764.593	212.59	2849.36	706.507	219.998	2785.72	432.089	239.334
19.05	2541.3	490.858	235.135	2604.4	762.887	213.213	2845.98	708.211	219.521	2785.65	433.024	239.454
19.1	2540.78	488.711	235.342	2600.38	761.984	213.041	2842.13	710.009	219.061	2785.9	434.238	239.171
19.15	2540.5	486.226	235.402	2595.96	760.662	213.185	2838.8	711.464	219.323	2786.15	434.947	239.379
19.2	2539.71	483.979	235.514	2591.72	758.843	213.453	2835.13	712.912	218.997	2786.2	436.289	239.024
19.25	2539.1	482.097	235.887	2587.37	757.344	213.485	2831.23	714.79	218.98	2785.96	437.41	238.602
19.3	2538.75	479.612	236.111	2583.21	755.76	214.102	2827.68	716.23	218.71	2786.18	438.78	238.451
19.35	2538.11	477.809	236.258	2578.83	754.257	213.747	2823.72	717.874	218.647	2786.17	439.753	238.499
19.4	2537.5	475.172	236.361	2574.73	752.441	214.145	2820.25	719.432	218.687	2786.46	440.895	238.341
19.45	2537.38	473.55	237.064	2570.23	750.986	214.144	2816.35	721.031	218.643	2786.63	441.9	238.541
19.5	2536.75	471.2	236.874	2565.98	749.351	214.449	2813.18	722.084	217.737	2786.68	443.142	238.353
19.55	2536.34	469.405	236.877	2562.06	747.671	214.274	2808.49	724.069	218.263	2786.66	444.421	238.279
19.6	2536.07	467.316	237.156	2557.55	745.593	214.708	2804.81	725.256	218.158	2786.65	445.911	238.266
19.65	2535.75	465.129	237.228	2553.29	743.81	214.67	2800.41	727.624	218.211	2786.39	447.127	237.811
19.7	2535.53	463.263	237.569	2549.22	741.974	215.083	2796.45	728.549	217.996	2786.25	448.451	237.754
19.75	2534.77	462.234	238.059	2544.9	740.013	215.129	2792.35	729.96	217.754	2786.14	449.786	237.611
19.8	2534.72	459.12	237.775	2540.76	738.191	215.364	2789	730.646	217.171	2786.14	451.034	237.693
19.85	2534.41	457.145	238.111	2536.83	735.914	215.482	2784.73	732.514	217.773	2785.94	452.251	237.431
19.9	2534.02	455.197	238.147	2532.11	733.7	216.131	2780.97	733.388	217.308	2785.65	453.77	237.415
19.95	2533.54	453.553	238.216	2528.2	732.351	215.945	2776.41	735.042	217.088	2785.39	455.263	237.277
20	2533.97	451.21	238.228	2524.11	730.491	216.296	2772.64	735.818	217.074	2785.06	456.703	237.177
20.05	2533.13	449.422	238.337	2520	728.322	216.32	2768.43	736.258	216.751	2784.54	458.362	236.835
20.1	2533.01	447.905	238.925	2516	726.243	216.579	2764.11	738.26	216.855	2784.13	459.882	236.666
20.15	2532.57	446.013	238.828	2511.89	724.353	216.964	2760	739.133	216.506	2783.7	461.461	236.543
20.2	2532.45	444.394	239.342	2507.91	722.297	216.931	2755.94	740.499	216.524	2783.38	462.717	236.736
20.25	2531.91	442.263	239.198	2503.84	720.12	217.217	2751.49	741.646	216.585	2782.98	464.433	236.458
20.3	2532.17	441.023	239.982	2499.74	718.116	217.318	2747.29	743.148	217.058	2782.41	466.133	236.203
20.35	2531.49	439.173	239.711	2495.54	716.198	217.635	2742.65	744.012	216.422	2781.94	467.76	236.157
20.4	2531.54	437.814	239.582	2492.06	713.891	217.666	2738.24	745.037	216.405	2781.36	469.421	235.932
20.45	2531.36	436.165	239.876	2487.69	711.492	217.945	2733.76	745.731	216.103	2780.63	471.24	235.666
20.5	2531.62	434.117	240.108	2483.9	709.198	218.166	2729.17	746.739	216.112	2780.01	472.982	235.468
20.55	2531.18	433.084	240.079	2479.91	707.026	218.39	2724.74	747.857	215.95	2779.32	474.667	235.398
20.6	2530.91	432.468	240.786	2476.11	704.632	218.745	2720.26	748.523	215.798	2778.82	476.196	235.453
20.65	2530.98	429.703	240.342	2472.13	702.356	218.852	2715.69	749.345	215.645	2778.02	478.048	235.247
20.7	2530.88	428.184	240.648	2468.6	699.712	218.926	2711.08	750.501	216.031	2777.31	479.783	234.991
20.75	2530.4	426.82	240.447	2464.03	697.232	219.612	2706.46	751.262	215.768	2776.37	481.726	234.856
20.8	2530.43	425.48	240.789	2460.58	695.392	219.628	2701.57	752.379	215.601	2775.53	483.542	234.698
20.85	2530.82	423.752	240.559	2456.64	693.181	219.84	2697.1	752.781	215.608	2774.47	485.706	234.423
20.9	2530.39	422.286	240.767	2452.98	690.67	220.057	2692.41	753.14	215.368	2773.51	487.379	234.244
20.95	2530.04	421.477	241.024	2449.1	688.241	220.159	2687.68	754.798	215.726	2772.62	489.319	234.142
21	2530.13	419.738	241.255	2445.44	685.928	220.731	2683.18	754.936	215.332	2771.65	491.008	234.13
21.05	2529.97	418.76	241.525	2441.75	683.549	220.682	2678.69	755.64	215.229	2770.64	492.923	233.953
21.1	2529.6	417.053	241.403	2437.99	681.015	220.994	2673.58	756.471	215.371	2769.61	494.797	233.887
21.15	2529.84	416.471	241.987	2434.16	678.621	221.104	2669.16	757.728	216.264	2768.33	496.914	233.513
21.2	2529.49	414.885	241.914	2430.41	676.286	221.484	2664	757.682	215.157	2767.25	498.901	233.354
21.25	2529.57	414.108	241.627	2427.09	673.636	221.416	2659.12	758.193	215.235	2765.9	501.028	232.991
21.3	2529.69	412.833	242.061	2423.35	670.939	221.91	2653.91	758.991	215.01	2764.51	502.844	232.649
21.35	2529.63	411.614	241.89	2419.73	668.373	221.905	2649.2	759.112	215.003	2763.35	505.138	232.564
21.4	2529.8	410.701	242.286	2416.26	665.654	222.375	2644.58	759.473	215.102	2762.2	506.817	232.786
21.45	2529.36	410.833	242.821	2412.75	663.05	222.686	2639.47	759.695	214.889	2760.96	508.742	232.706
21.5	2529.59	408.465	242.211	2409.17	660.363	222.78	2634.42	759.606	214.409	2759.46	510.947	232.359
21.55	2529.28	407.563	242.429	2405.84	657.531	222.729	2629.55	760.501	215.178	2758.08	512.922	232.206
21.6	2529.19	406.545	242.321	2401.94	654.732	223.505	2624.8	760.65	214.978	2756.54	515.153	232.081
21.65	2529.01	405.926	242.43	2398.58	652.547	223.376	2619.5	761.13	214.815	2754.79	517.435	231.591
21.7	2529.91	404.462	242.42	2395.22	649.887	223.727	2614.59	761.258	214.832	2753.18	519.848	231.475
21.75	2529.01	403.786	242.169	2391.71	647.228	223.773	2609.49	761.316	214.77	2751.84	521.254	231.769
21.8	2529.14	403.127	242.95	2388.42	644.365	224.149	2604.94	761.776	215.221	2750.41	524.032	231.855
21.85	2529.03	402.102	242.87	2384.99	641.851	224.386	2599.81	761.832	214.989	2748.46	525.758	231.38
21.9	2529.04	401.618	243.149	2381.79	639.128	224.588	2595.02	761.712	214.854	2746.76	527.954	231.207
21.95	2528.26	400.567	242.82	2378.37	636.405	224.756	2589.73	761.759	214.99	2744.99	530.027	231.072
22	2528.84	400.315	243.573	2375.14	633.649	225.033	2585.13	761.933	215.452	2743.02	532.461	230.612
22.05	2528.08	399.386	243.487	2371.63	631.543	225.346	2579.54	761.855	214.804	2741.08	533.846	230.604
22.1	2528.63	399.117	243.095	2368.8	628.352	225.576	2574.49	761.716	215.019	2739.12	536.186	230.218
22.15	2528.53	398.519	243.437	2365.37	625.563	225.714	2569.51	761.695	215.074	2737.19	538.568	230.224
22.2	2529.17	397.212	243.608	2362.43	622.716	226.162	2564.4	761.505	215.353	2735.34	540.565	230.005
22.25	2528.65	397.403	243.617	2359.2	619.84	226.434	2559.39	761.29	215.354	2733.3	542.771	229.852
22.3	2528.41	398.199	244.411	2356.23	617.187	226.864	2554.24	761.052	215.339	2731.22	544.956	229.673
22.35	2528.16	396.451	243.34	2352.77	614.172	226.636	2548.76	760.452	214.864	2728.59	547.643	228.714
22.4	2528.1	395.901	243.775	2350.16	611.032	226.817	2544	760.471	215.467	2727.17	548.879	229.389
22.45	2527.54	395.668	243.388	2346.52	608.322	227.322	2539.02	760.315	215.796	2724.69	551.439	229.286
22.5	2527.38	395.568	243.76	2343.72	605.742	227.519	2533.85	759.743	215.72	2722.45	553.586	229.146
22.55	2527.79	394.854	243.521	2340.54	603.06	227.654	2528.81	760.096	216.296	2720.15	555.724	229.003
22.6	2527.33	394.359	243.285	2337.7	600.089	227.996	2523.53	759.252	216.069	2717.83	557.673	228.994
22.65	2527.16	394.47	243.851	2334.69	597.109	228.101	2518.61	759.333	216.443	2715.8	560.129	228.961
22.7	2526.94	394.08	243.924	2331.7	594.522	228.387	2513.25	758.716	216.055	2713.13	562.207	228.58
22.75	2526.55	394.188	243.767	2328.84	591.726	228.525	2508.18	758.411	216.108	2710.66	564.375	228.434
22.8	2526.04	393.601	243.805	2326.06	588.876	228.775	2502.64	758.037	216.272	2708.24	566.65	228.13
22.85	2526.01	393.874	243.96	2323.11	586.055	228.974	2497.54	757.325	216.521	2705.61	568.867	228.028
22.9	2525.47	393.136	244.603	2320.26	583.329	229.364	2492.21	756.804	216.402	2703.01	571.077	227.795
22.95	2525.56	393.755	243.619	2317.62	580.34	229.418	2487	756.17	216.576	2700.39	573.303	227.586
23	2525.76	393.315	244.131	2314.83	577.471	229.963	2481.88	755.433	216.675	2697.78	575.267	227.536
23.05	2526.37	392.219	244.042	2312.12	574.455	230.011	2476.63	754.589	216.75	2695.08	577.66	227.366
23.1	2525.47	393.318	244.118	2309.37	571.514	230.289	2471.49	753.939	216.729	2692.27	579.844	227.214
23.15	2524.98	394.879	244.663	2306.73	568.828	230.665	2466.17	753.029	216.897	2689.45	581.995	227.131
23.2	2524.94	393.284	243.641	2303.99	565.685	230.705	2460.9	752.071	216.714	2686.5	584.357	226.713
23.25	2524.41	393.262	244.083	2301.76	562.542	230.557	2455.37	751.347	217.159	2683.68	586.295	226.657
23.3	2524.08	393.192	243.961	2298.62	559.742	231.423	2450.41	750.359	217.01	2680.64	588.581	226.586
23.35	2523.52	393.722	243.899	2296.04	557.227	231.376	2445.36	749.375	217.184	2677.69	590.703	226.38
23.4	2524.37	393.164	243.631	2293.55	554.333	231.775	2440.14	748.458	217.346	2674.75	592.796	226.341
23.45	2523.28	393.31	243.676	2290.95	551.373	231.947	2434.96	747.447	217.391	2671.67	594.899	226.252
23.5	2522.96	393.897	244.016	2288.33	548.127	232.146	2429.84	746.564	217.554	2668.71	597.181	226.046
23.55	2522.24	393.906	243.774	2285.82	545.833	232.378	2424.5	745.291	217.395	2665.59	599.205	226.073
23.6	2522.01	394.419	244.025	2283.5	542.829	232.763	2419.58	744.323	217.257	2662.42	601.34	225.656
23.65	2520.72	394.299	243.635	2281.06	540.039	232.857	2413.85	743.138	217.499	2659.08	603.358	225.629
23.7	2520.89	395.155	244.114	2278.8	537.08	233.226	2408.62	741.874	217.476	2655.75	605.358	225.334
23.75	2519.72	395.048	244.559	2276	534.634	233.391	2403.56	740.816	217.673	2652.13	608.142	224.995
23.8	2520.1	395.945	243.647	2274.21	531.481	233.646	2398.45	739.626	218.016	2648.95	609.931	225.011
23.85	2519.73	396.352	243.922	2271.68	528.743	234.106	2393.23	738.306	218.022	2645.53	611.852	224.71
23.9	2519.46	396.421	243.879	2269.31	525.545	234.234	2387.96	736.874	218.256	2642.14	614.099	224.626
23.95	2518.71	397.411	243.748	2266.99	522.731	234.463	2382.78	735.512	218.376	2638.6	616.065	224.574
24	2518.33	399.054	244.385	2265.09	520.084	235.187	2377.7	734.171	218.566	2635.13	618.018	224.426
24.05	2517.45	398.284	243.337	2262.49	517.034	234.943	2372.35	732.744	218.491	2631.45	620.023	224.236
24.1	2517	398.878	243.361	2260.86	513.859	234.994	2367.08	731.286	218.747	2627.92	621.881	224.077
24.15	2515.98	399.508	243.306	2257.94	511.23	235.632	2362.01	729.756	218.657	2624.19	623.921	224
24.2	2515.51	400.046	243.346	2255.98	508.663	235.773	2357.34	728.187	219.186	2620.58	625.869	223.826
24.25	2515.54	400.57	242.949	2253.81	505.94	236.019	2351.95	726.792	219.07	2616.88	627.802	223.707
24.3	2513.9	400.739	243.026	2251.66	503.053	236.149	2346.8	725.088	219.338	2613.06	629.758	223.564
24.35	2513.45	402.283	242.981	2249.24	499.763	236.246	2341.64	723.585	219.381	2609.3	631.816	223.49
24.4	2512.66	402.508	242.998	2247.35	497.623	236.652	2336.54	722.031	219.572	2605.43	633.614	223.369
24.45	2511.79	403.693	242.976	2245.45	494.825	236.933	2331.58	720.363	219.321	2601.52	635.533	223.106
24.5	2510.56	403.767	242.793	2243.51	492.053	237.187	2326.11	718.598	219.587	2597.57	637.379	223.028
24.55	2510.11	405.404	242.937	2241.49	489.336	237.372	2320.97	716.734	219.617	2593.4	639.581	222.74
24.6	2509.02	405.575	243.26	2239.37	486.79	237.68	2316.21	715.026	220.067	2589.74	641.019	222.85
24.65	2508.63	407.114	242.383	2237.82	483.958	237.906	2311	713.234	220.059	2585.63	642.777	222.722
24.7	2507.87	407.928	242.696	2235.63	481.317	238.469	2306.06	711.168	220.444	2581.63	644.618	222.645
24.75	2506.92	408.808	242.412	2233.81	478.421	238.139	2300.61	709.678	220.704	2577.52	646.475	222.558
24.8	2506.25	409.937	242.395	2232	475.654	238.576	2295.73	707.43	220.643	2573.33	648.26	222.427
24.85	2505.27	411.987	242.864	2230.57	473.368	239.344	2290.77	705.554	220.833	2569.16	649.855	222.333
24.9	2504.21	411.624	242.124	2228.33	470.295	239.01	2285.74	703.653	220.782	2564.84	651.663	222.089
24.95	2502.96	412.63	242.076	2227.01	467.53	238.746	2280.78	701.652	220.985	2560.86	653.006	221.842
25	2501.98	413.548	242.331	2224.55	464.909	239.672	2275.92	699.836	221.458	2556.35	654.736	222.141
25.05	2500.84	414.61	241.987	2222.86	462.588	239.676	2271.24	697.267	221.59	2552.12	656.814	221.941
25.1	2500.36	415.497	241.649	2221.1	460.002	239.962	2265.88	695.614	221.572	2547.76	658.473	221.846
25.15	2498.33	416.425	241.658	2219.18	457.379	239.939	2260.78	693.288	221.872	2543.35	660.036	221.822
25.2	2497.57	418.039	241.581	2217.12	453.947	240.225	2255.95	691.396	221.849	2539.15	661.301	221.442
25.25	2496.14	418.774	241.488	2215.62	452.447	240.431	2250.91	689.119	221.976	2534.68	663.044	221.52
25.3	2495.08	420.219	241.478	2214.25	449.645	240.952	2246.32	687.149	221.756	2530.24	664.508	221.042
25.35	2493.17	420.913	241.087	2212.55	447.392	240.772	2241.09	684.9	222.122	2525.47	666.114	221.02
25.4	2492.45	422.636	241.55	2211.17	444.644	241.221	2236.14	682.532	222.362	2520.52	668.164	220.95
25.45	2490.86	423.454	241.585	2209.25	442.409	241.376	2231.54	680.42	222.674	2516.42	669.052	221.13
25.5	2489.97	425.215	240.9	2208.38	439.98	241.388	2226.51	678.137	222.76	2511.72	670.546	220.942
25.55	2488.55	426.586	241.016	2206.31	437.58	242.067	2221.86	675.555	223.285	2507.06	672.186	221.035
25.6	2487.23	427.707	240.808	2204.88	434.718	241.918	2216.43	673.957	223.643	2502.4	673.583	220.933
25.65	2485.89	429.197	240.776	2203.3	432.333	242.236	2211.91	670.87	223.486	2497.57	674.761	220.607
25.7	2484.58	431.328	241.104	2202.57	430.286	243.348	2207.38	668.616	223.673	2492.8	676.039	220.623
25.75	2482.85	431.688	240.349	2200.24	427.565	242.535	2202.52	666.189	223.64	2487.95	677.446	220.509
25.8	2481.34	432.92	240.3	2199.48	424.875	242.496	2198.13	663.695	223.937	2483.02	678.78	220.361
25.85	2479.83	434.411	240.404	2197.32	422.674	243.159	2193.37	661.799	224.532	2478.01	679.296	220.479
25.9	2478.09	435.683	240.056	2195.97	420.546	243.273	2188.97	658.314	224.624	2473.15	681.383	220.133
25.95	2476.84	437.065	239.753	2194.39	418.401	243.37	2183.85	656.443	224.576	2468.29	682.632	220.094
26	2474.75	438.238	239.705	2192.96	415.957	243.437	2179.05	653.673	224.966	2463.44	683.801	219.964
26.05	2473.17	440.177	239.673	2190.91	412.82	243.543	2174.53	651.463	224.949	2458.29	685.045	219.867
26.1	2471.45	441.178	239.498	2190.05	411.739	243.802	2169.93	648.545	225.01	2453.4	686.226	219.854
26.15	2469.72	443.165	239.315	2188.77	409.422	244.313	2165.62	646.38	224.842	2448.55	687.336	219.428
26.2	2467.66	444.028	239.208	2187.75	407.407	244.195	2160.9	643.784	225.443	2443.37	688.497	219.686
26.25	2466.19	446.213	239.31	2186.56	405.143	244.546	2156.17	641.129	225.404	2438.11	689.951	219.623
26.3	2464.27	447.456	239.277	2185.03	403.21	244.69	2152.07	638.74	225.874	2433.22	690.771	219.575
26.35	2462.63	449.375	238.921	2184.24	401.612	244.096	2147.36	636.199	225.892	2428.05	691.839	219.495
26.4	2460.78	451.039	238.879	2183.27	399.603	244.971	2143.27	633.248	226.554	2422.93	693.247	219.59
26.45	2458.84	452.613	238.574	2181.88	397.127	244.944	2137.98	631.652	226.865	2417.67	694.043	219.237
26.5	2457.21	454.247	238.643	2180.54	395.149	244.925	2134.17	628.103	226.674	2412.7	694.793	219.109
26.55	2455.12	456.68	238.734	2180.52	393.722	246.416	2130.14	625.573	226.962	2407.5	695.715	219.142
26.6	2453.13	457.343	238.273	2178.01	391.466	244.791	2125.76	622.839	226.943	2402.43	696.287	219.35
26.65	2451.09	458.991	238.163	2177.72	389.481	244.454	2121.72	620.11	227.137	2397.17	697.435	219.238
26.7	2449.22	460.906	238.266	2175.78	388.331	244.242	2117.6	618.389	227.977	2391.89	698.38	219.209
26.75	2446.81	462.519	237.769	2174.55	386.002	245.325	2113.49	614.199	227.789	2386.6	699.393	219.159
26.8	2445.14	464.051	237.52	2173.38	384.273	245.351	2108.8	612.105	227.835	2381.36	700.345	219.129
26.85	2442.51	465.691	237.395	2171.87	382.594	244.884	2104.4	609.103	228.2	2375.96	701.196	218.987
26.9	2440.54	467.658	237.392	2169.99	379.174	245.414	2100.4	606.621	228.21	2370.59	702.072	218.82
26.95	2438.15	469.062	237.151	2170.04	378.978	245.803	2096.26	603.041	228.151	2365.29	702.942	218.829
27	2435.97	471.106	237.021	2169.12	376.936	246.089	2092.29	600.869	228.237	2360.11	703.661	218.848
27.05	2433.34	472.38	236.866	2168.87	375.1	245.738	2088.09	598.051	228.782	2354.78	704.274	218.772
27.1	2431.3	474.726	236.946	2167.8	373.391	245.845	2083.65	595.168	228.683	2349.31	704.976	218.791
27.15	2428.77	476.352	236.774	2166.25	372.031	245.821	2080.07	592.536	229.183	2343.77	705.607	218.8
27.2	2426.57	478.308	236.429	2166.06	370.303	246.076	2075.82	589.662	229.381	2338.27	705.988	218.835
27.25	2423.98	480.285	236.203	2164.65	368.7	246.285	2072.09	586.579	230.027	2332.77	706.693	218.734
27.3	2421.61	481.962	236.155	2163.35	366.764	246.188	2067.2	584.742	230.281	2327.21	707.184	218.596
27.35	2419.11	483.767	235.967	2162.67	365.356	246.445	2064.01	580.934	230.142	2321.82	707.48	218.549
27.4	2416.67	485.904	236.182	2162.98	364.242	248.021	2060.34	577.999	230.611	2316.35	707.959	218.876
27.45	2414.08	487.206	235.738	2160.69	362.165	246.8	2056.32	575.037	230.399	2310.76	708.256	218.798
27.5	2411.47	488.968	235.662	2159.84	360.857	247.035	2052.72	571.686	231.062	2305.18	708.629	218.77
27.55	2408.76	491.125	235.61	2159.05	359.9	246.132	2049.15	569.911	231.926	2299.41	708.987	218.861
27.6	2406.03	492.613	235.269	2157.77	358.348	246.248	2045.62	565.151	231.616	2293.77	709.415	218.831
27.65	2403.39	494.419	234.899	2156.99	357.057	246.199	2041.07	563.072	231.603	2288.07	709.726	218.853
27.7	2400.56	496.236	234.924	2155.75	355.662	245.869	2037.08	559.664	232.207	2282.4	709.964	218.806
27.75	2397.57	498.308	234.669	2153.02	352.338	246.517	2033.57	557.131	232.079	2276.68	710.057	218.846
27.8	2394.95	499.688	234.577	2154.26	353.12	246.436	2030.22	552.558	231.608	2270.96	710.385	218.946
27.85	2392.06	501.878	234.459	2154.64	352.761	244.521	2026.52	550.836	231.901	2265.38	710.54	218.893
27.9	2388.94	503.294	234.416	2151.96	351.403	245.081	2022.53	547.935	232.754	2259.55	710.609	219.058
27.95	2385.97	505.765	234.243	2151.59	349.446	246.572	2018.54	544.928	232.74	2253.72	710.759	219.039
28	2382.88	507.361	233.997	2150.19	348.522	246.336	2015.43	542.035	233.251	2247.72	711.139	219.182
28.05	2379.84	509.444	233.551	2150.17	347.474	246.63	2011.54	539.029	233.408	2242.08	710.582	219.253
28.1	2377.16	511.232	233.958	2148.94	346.059	246.946	2008.06	536.351	234.074	2236.39	710.783	219.246
28.15	2373.55	513.379	233.543	2147.71	344.676	247.131	2003.48	533.95	234.735	2230.64	710.549	219.208
28.2	2371	514.872	233.701	2147.2	343.513	247.232	2001.14	529.791	234.316	2224.95	710.404	219.258
28.25	2367.74	516.923	233.64	2148.07	343.165	249.222	1997.81	526.639	234.791	2219.14	710.343	219.582
28.3	2364.56	518.389	233.339	2147.17	342.133	249.291	1994.27	523.661	234.825	2213.26	709.991	219.553
28.35	2361.09	520.224	233.046	2146.17	341.242	248.48	1990.86	520.484	235.206	2207.57	709.748	219.313
28.4	2358.22	522.288	233.544	2144.8	339.925	248.654	1987.9	518.568	236.134	2201.37	709.538	219.672
28.45	2354.54	523.648	232.84	2143.7	339.259	248.917	1984.61	513.645	235.737	2195.5	709.459	219.606
28.5	2351.58	525.368	232.761	2142.69	339.212	248.383	1980.68	511.366	235.833	2189.61	709.126	219.668
28.55	2347.58	527.364	232.546	2142.17	337.646	248.752	1977.02	507.664	236.611	2183.71	708.806	219.71
28.6	2344.4	529.226	232.666	2139.3	334.944	248.525	1974.2	505.149	236.366	2177.72	708.184	219.747
28.65	2340.87	530.793	232.456	2140.55	335.891	248.99	1971.19	500.817	236.01	2171.67	707.811	219.812
28.7	2337.35	532.5	232.192	2141.01	335.831	247.004	1968.81	497.855	235.232	2165.85	707.377	219.873
28.75	2333.47	533.845	231.787	2142.68	331.065	254.935	1964.71	494.757	236.442	2159.84	706.873	219.851
28.8	2329.96	536.264	232.089	2138.01	333.566	248.958	1961.46	492.249	236.584	2154.24	705.993	219.77
28.85	2326.38	537.928	231.893	2137.02	333.007	249.02	1958.68	489.34	237.168	2147.75	705.959	220.003
28.9	2322.95	539.581	231.884	2136.59	332.535	249.203	1955.61	486.448	237.146	2142.18	704.719	219.893
28.95	2319.07	541.315	231.678	2135.44	332.79	249.651	1952.88	483.206	237.728	2136.33	703.991	219.956
29	2314.93	543.768	231.643	2134.08	330.881	249.448	1949.62	480.387	237.915	2130.59	703.325	219.88
29.05	2311.73	544.873	231.561	2133.3	330.528	249.004	1947.18	477.488	238.089	2124.61	702.56	219.92
29.1	2307.77	546.507	231.592	2132.53	329.779	249.286	1944.03	474.211	238.801	2118.76	701.926	220.201
29.15	2303.85	548.163	231.069	2131.49	329.437	249.21	1941	471.201	238.888	2112.76	700.593	220.079
29.2	2300.11	549.818	231.163	2131.04	329.032	249.108	1938.07	468.144	239.2	2106.7	699.987	220.061
29.25	2296.3	551.82	231.549	2129.64	328.211	249.284	1935.81	465.72	240.145	2100.5	698.782	220.329
29.3	2292.41	552.845	231.004	2128.63	327.954	249.456	1932.37	462.179	239.592	2094.68	698.157	220.124
29.35	2288.54	554.55	230.513	2127.76	328.136	249.447	1930.03	459.086	239.483	2088.77	696.342	219.867
29.4	2284.08	556.383	230.942	2126.96	327.184	249.456	1926.54	455.825	240.7	2082.99	696.19	220.104
29.45	2280.1	558.297	230.692	2124.89	325.554	249.284	1923.9	453.301	240.484	2076.76	695.018	220.45
29.5	2275.97	559.935	230.666	2125.05	326.561	249.398	1921.17	450.389	240.823	2070.67	693.954	220.528
29.55	2271.71	561.481	230.246	2124.61	326.573	248.681	1918.16	447.176	240.719	2064.74	692.865	220.679
29.6	2267.47	562.545	230.148	2123.37	325.752	249.816	1915.12	443.201	241.192	2058.66	691.696	220.712
29.65	2263.28	564.885	230.51	2122.06	325.712	249.359	1912.23	441.862	241.227	2052.71	690.594	220.951
29.7	2259.27	566.301	230.246	2121.07	325.469	249.485	1910.48	438.701	241.6	2046.22	689.859	221.355
29.75	2254.93	567.818	230.152	2120.2	325.581	249.369	1907.62	435.72	241.999	2040.77	687.847	221.091
29.8	2250.65	569.277	230.125	2119.16	325.811	249.751	1905.2	432.638	242.352	2034.85	686.531	221.296
29.85	2245.47	572.049	230.011	2117.82	324.879	249.594	1901.8	430.482	242.566	2028.92	685.275	221.42
29.9	2242.02	572.605	229.858	2116.82	324.909	249.316	1900.49	427.558	242.696	2023.01	683.788	221.405
29.95	2237.3	573.943	229.691	2115.84	324.842	249.531	1897.5	424.267	243.48	2017.18	682.908	221.978
30	2232.93	575.378	229.454	2114.71	324.748	249.435	1895.03	421.22	243.398	2011.11	680.752	221.829
30.05	2228.55	576.917	229.437	2113.81	324.93	249.243	1892.44	418.332	243.648	2005	679.557	221.871
30.1	2224.42	578.66	229.999	2112.46	324.637	249.393	1891.11	416.238	245.035	1998.79	677.581	222.281
30.15	2219.82	579.288	229.35	2111.29	324.866	249.401	1887.87	412.348	244.102	1993.11	676.458	222.149
30.2	2215.56	580.706	228.889	2110.28	325.204	249.418	1886.55	409.315	243.547	1987.25	673.908	221.907
30.25	2210.24	582.411	229.383	2109.14	325.014	249.362	1882.78	406.469	245.173	1981.5	673.284	222.237
30.3	2205.81	584.119	229.156	2106.86	323.826	249.227	1880.57	404.138	244.915	1975.7	671.641	222.319
30.35	2201.02	585.54	229.043	2106.88	325.38	249.275	1878.18	401.631	245.309	1969.71	669.992	222.491
30.4	2196.29	586.694	228.839	2106.32	325.801	248.575	1875.52	398.182	244.966	1963.9	668.345	222.636
30.45	2191.37	587.418	228.539	2104.68	325.558	249.548	1872.65	393.307	245.212	1957.86	666.569	222.696
30.5	2186.76	589.622	229.063	2103.29	325.848	249.211	1870.1	393.707	245.854	1952.05	664.988	223.122
30.55	2182.17	590.872	228.647	2101.85	326.275	249.238	1869.23	390.597	245.981	1945.59	663.727	223.654
30.6	2177.4	592.028	228.635	2100.96	326.674	249.111	1867.1	387.922	246.079	1940.67	661.218	223.172
30.65	2172.49	593.254	228.683	2099.56	327.298	249.393	1864.88	384.828	246.519	1934.66	659.183	223.502
30.7	2166.62	596.007	228.716	2098.07	326.992	249.209	1860.21	384.189	246.654	1928.98	657.409	223.775
30.75	2162.8	596.111	228.422	2096.76	327.532	248.915	1860.94	380.996	246.564	1923.38	655.279	223.415
30.8	2157.66	596.88	228.471	2095.66	327.91	249.227	1857.55	377.226	247.454	1917.46	653.881	224.398
30.85	2152.67	598.201	228.222	2094.11	328.27	248.975	1855.7	374.602	246.789	1911.63	651.132	224.231
30.9	2147.88	599.295	228.195	2092.99	328.822	248.817	1853.84	371.808	247.58	1905.66	649.386	224.357
30.95	2143.13	600.927	228.836	2091.32	329.118	248.893	1853.69	370.184	249.336	1899.62	646.877	224.917
31	2138.27	600.888	228.181	2090.07	329.797	248.974	1850.3	366.138	247.899	1894.32	645.454	224.883
31.05	2133.44	602.116	227.569	2088.76	330.719	249.01	1850.18	363.677	246.186	1888.53	642.113	224.497
31.1	2127.53	603.552	228.297	2087.29	330.865	248.962	1845.58	361.385	248.585	1883.05	641.254	225.304
31.15	2122.47	604.96	227.916	2084.56	330.005	248.28	1843.8	359.066	248.593	1877.31	638.937	225.399
31.2	2117.33	605.879	228.025	2084.36	332.083	248.765	1841.71	356.967	248.959	1871.55	636.814	225.6
31.25	2112	606.744	227.714	2083.24	332.92	248.265	1839.07	353.822	248.184	1865.87	633.362	225.066
31.3	2106.7	606.787	227.437	2081.58	333.136	248.994	1836.23	349.12	249.061	1860.23	631.323	225.406
31.35	2100.64	610.319	228.057	2079.76	333.895	248.633	1833.67	350.919	249.801	1854.66	628.898	225.741
31.4	2095.89	610.674	227.982	2077.96	334.885	248.604	1832.71	347.615	249.823	1848.33	628.29	226.592
31.45	2090.65	611.688	227.905	2076.7	335.483	248.525	1829.38	346.879	248.236	1843.59	624.37	225.931
31.5	2084.96	613.157	227.642	2075.03	336.566	248.648	1829.33	342.557	249.757	1837.91	621.848	226.224
31.55	2079.79	613.495	227.74	2073.16	336.745	248.482	1826.92	340.623	249.865	1832.43	619.637	226.461
31.6	2074.64	614.799	227.892	2071.55	337.584	248.244	1825.89	339.266	250.297	1827.17	616.643	225.98
31.65	2069.01	615.802	228.018	2069.85	338.398	248.198	1823.13	336.745	250.853	1821.23	614.565	226.719
31.7	2063.72	615.99	227.783	2068.32	339.007	248.37	1821.26	333.993	249.687	1815.98	611.546	226.994
31.75	2058.14	616.855	227.907	2066.61	340.164	247.98	1820.35	331.222	251.33	1810.19	609.441	227.159
31.8	2053.4	617.877	228.658	2064.63	340.864	247.987	1820.45	330.055	252.998	1804.42	605.975	227.755
31.85	2047.92	618.458	228.348	2062.82	341.807	248.067	1816.6	326.968	251.284	1799.39	604.488	227.637
31.9	2042.77	618.875	227.704	2061.06	343.073	247.95	1817.15	324.379	249.759	1793.99	602.12	227.997
31.95	2036.57	619.684	227.885	2059.21	343.786	247.772	1813.13	322.335	251.763	1789.03	599.623	227.751
32	2031.14	620.598	227.994	2056.44	343.403	247.563	1811.2	320.492	251.26	1783.34	596.723	228.276
32.05	2025.39	621.711	228.125	2055.45	345.746	247.593	1809.68	319.029	252.643	1777.92	594.646	228.452
32.1	2019.92	622.008	228.295	2053.9	346.786	247.19	1806.72	315.986	250.632	1772.85	592.169	228.866
32.15	2013.65	621.53	227.641	2051.73	347.521	247.715	1803.01	310.49	252.646	1767.49	589.505	229.244
32.2	2008.44	623.538	228.42	2049.66	348.503	247.463	1802.3	310.312	253.255	1762.37	586.701	229.699
32.25	2002.87	623.563	228.287	2046.75	349.226	247.213	1799.09	305.906	257.639	1756.15	584.708	230.152
32.3	1997.25	624.382	228.19	2044.82	349.754	247.223	1796.67	308.719	247.688	1751.48	581.124	230.022
32.35	1991.11	625.468	228.017	2042.89	351.128	247.004	1797.93	303.984	252.929	1746.17	578.379	230.425
32.4	1985.76	625.346	228.368	2040.74	352.037	247.006	1795.67	302.342	252.817	1741.18	575.951	230.863
32.45	1980.24	626.56	228.414	2038.69	353.156	246.969	1794.72	300.18	253.243	1735.92	572.922	230.66
32.5	1974.08	628.264	229.287	2036.42	354.119	246.762	1792.75	297.431	253.316	1730.05	571.378	231.67
32.55	1968.68	626.907	228.743	2034.6	355.185	247.047	1792.43	297.181	251.702	1725.05	568.517	232.083
32.6	1962.38	627.234	228.699	2032.37	356.453	246.507	1791.19	293.459	255.663	1720.02	565.957	232.062
32.65	1956.83	627.314	228.612	2029.94	357.754	246.612	1790.66	293.229	255.849	1714.47	562.554	233.058
32.7	1950.89	627.806	228.62	2027.66	359.045	246.599	1787.41	290.637	254.097	1709.64	560.436	232.984
32.75	1945.81	627.494	228.009	2025.41	360.407	246.392	1787.93	288.839	251.747	1704.57	559.329	234.085
32.8	1939.1	627.652	228.296	2023.03	361.585	246.484	1784.23	287.599	254.402	1699.7	554.99	233.578
32.85	1933.64	628.144	228.209	2020.69	362.741	246.225	1784.49	285.903	252.21	1694.36	551.63	233.819
32.9	1927.91	628.278	228.363	2018.29	364.172	246.142	1783.06	283.447	253.478	1689.2	549.584	234.062
32.95	1922.24	628.375	228.234	2016.11	365.557	245.868	1780.34	282.116	252.427	1684.81	546.769	234.621
33	1915.33	626.251	227.409	2013.45	366.663	246.025	1779.86	280.578	253.327	1679.7	543.839	234.9
33.05	1910.25	628.568	228.538	2011.14	367.746	246.176	1778.4	278.889	253.439	1674.97	540.503	235.174
33.1	1904.26	628.356	228.461	2007.94	370.24	245.897	1774.36	275.998	258.192	1670.02	538.068	235.728
33.15	1898.24	628.733	228.532	2005.75	370.651	245.882	1772.76	278.213	248.829	1665.21	535.361	236.116
33.2	1892.09	628.995	228.586	2003.27	372.073	245.689	1774.06	274.362	253.724	1660.29	532.354	236.537
33.25	1886.08	628.828	228.924	2000.61	373.467	245.673	1772.25	272.731	253.478	1655.81	529.62	236.992
33.3	1880.55	629.928	229.048	1998.02	374.84	245.589	1771.1	271.313	253.882	1650.54	526.469	237.178
33.35	1873.95	631.091	229.873	1995.22	376.295	245.351	1769.52	268.614	253.483	1645.93	523.287	237.277
33.4	1868.3	628.922	229.598	1992.87	377.33	245.567	1768.71	268.717	253.538	1641.18	520.32	237.754
33.45	1861.62	628.757	229.327	1990.14	378.844	245.06	1768.02	266.103	256.062	1637.08	515.786	236.693
33.5	1855.59	628.514	229.23	1987.03	380.562	245.2	1767.99	266.414	256.734	1631.01	512.729	238.698
33.55	1849.62	628.352	229.588	1984.18	381.992	245.173	1764.33	264.296	254.569	1626.65	510.407	238.476
33.6	1843.71	628.343	229.439	1981.38	383.428	245.091	1763.13	262.977	254.397	1622.09	508.982	239.548
33.65	1837.21	627.6	229.122	1978.4	384.927	245.026	1761.47	262.261	254.893	1617.3	503.998	239.119
33.7	1830.92	627.66	229.468	1975.45	385.845	244.835	1760.15	260.69	254.493	1612.81	500.835	239.393
33.75	1824.98	627.592	229.746	1972.52	387.813	244.847	1758.93	258.856	255.346	1607.58	497.794	239.342
33.8	1819	626.971	229.744	1969.78	389.259	244.516	1756.43	257.865	254.208	1603.83	494.622	239.897
33.85	1811.44	624.307	229.212	1966.55	390.608	244.706	1755.95	256.851	255.248	1599.06	491.194	240.219
33.9	1806.32	626.245	230.241	1963.63	391.874	244.746	1754.33	255.767	255.436	1594.75	487.443	240.429
33.95	1800.19	625.417	230.243	1959.6	394.849	244.609	1752	253.693	257.965	1590.13	484.89	240.953
34	1794.08	625.166	230.346	1957.15	395.082	244.569	1748.94	255.971	250.733	1585.5	481.129	241.53
34.05	1787.8	624.826	230.25	1953.95	396.634	244.353	1750.18	252.723	255.472	1581.23	478.061	241.729
34.1	1781.69	624.115	230.719	1950.84	398.143	244.468	1748.09	251.913	255.224	1577.12	474.989	241.914
34.15	1776.12	624.783	230.875	1947.52	399.716	244.194	1747.38	250.676	255.66	1572.43	471.588	242.442
34.2	1769.05	625.211	232.264	1944.24	401.32	244.181	1745.89	248.266	255.382	1568.39	468.254	242.542
34.25	1763.48	622.607	231.695	1941.28	402.406	244.299	1745.13	249.146	254.993	1564.03	464.882	242.838
34.3	1756.63	621.754	231.38	1938.04	404.043	243.66	1744.38	246.989	257.734	1561.07	460.295	241.462
34.35	1750.46	620.897	231.534	1934.14	405.953	243.936	1744.42	247.836	258.422	1554.82	456.902	244.135
34.4	1744.22	620.263	231.796	1930.74	407.542	243.88	1740.85	246.03	256.241	1551.17	454.795	243.744
34.45	1739.23	619.075	230.893	1927.31	409.175	243.786	1739.86	245.433	255.329	1547.25	453.572	244.787
34.5	1731.75	618.069	231.52	1923.82	410.713	243.773	1737.87	245.185	256.389	1542.59	448.011	244.571
34.55	1725.33	617.982	231.927	1920.03	411.149	243.268	1736.43	244.068	256.024	1538.77	444.791	244.601
34.6	1719.17	618.25	232.832	1916.69	413.944	243.723	1735.18	242.917	256.341	1533.88	441.745	244.762
34.65	1713.01	616.161	232.579	1913.33	415.457	243.357	1732.81	242.12	255.855	1530.62	438.102	245.111
34.7	1704.97	611.934	231.56	1909.51	416.93	243.476	1732.2	241.835	256.443	1526.45	434.895	245.516
34.75	1700.03	614.618	233.158	1905.94	418.37	243.511	1730.43	241.288	256.701	1522.56	431.046	245.685
34.8	1693.96	612.878	233.09	1901.08	421.704	243.563	1728.53	240.168	257.912	1518.15	428.822	246.44
34.85	1687.81	612.363	233.015	1898.31	421.827	243.284	1726.24	241.042	254.679	1514.12	424.29	246.842
34.9	1681.53	611.061	232.936	1894.48	423.396	243.286	1726.16	239.685	256.858	1510.43	421.482	247.144
34.95	1675.39	610.307	233.521	1890.81	424.979	243.309	1723.52	239.765	256.413	1506.8	418.164	247.171
35	1669.87	610.56	233.948	1886.86	426.528	243.03	1723.32	238.582	257.047	1502.51	414.687	247.944
35.05	1662.84	610.813	235.273	1882.99	428.246	243.07	1721.58	236.802	256.707	1499.22	411.47	247.979
35.1	1657.24	607.108	234.669	1879.47	429.233	243.156	1720.89	238.331	255.983	1495.21	407.82	248.05
35.15	1650.08	605.798	234.432	1875.71	430.927	242.235	1719.85	236.697	258.752	1493.35	403.568	246.429
35.2	1644.09	604.102	234.42	1870.98	432.905	242.851	1720.02	238.049	259.125	1487.2	400.317	249.423
35.25	1637.75	603.251	234.634	1866.94	434.605	242.677	1716.37	236.66	257.228	1483.91	397.933	249.024
35.3	1634.06	601.279	232.99	1862.92	436.163	242.677	1715.65	236.32	256.281	1480.37	395.874	249.785
35.35	1625.31	599.733	234.465	1858.74	437.725	242.601	1713.17	236.73	257.488	1476.27	391.174	249.965
35.4	1618.89	599.14	235	1854.27	438.149	242.217	1711.72	236.006	257.161	1473.02	387.857	250.004
35.45	1612.75	599.844	236.288	1850.36	440.973	242.651	1710.26	235.509	257.264	1468.64	384.957	250.175
35.5	1606.49	596.328	235.735	1846.38	442.492	242.219	1707.75	235.146	256.885	1465.85	381.455	250.53
35.55	1598.02	590.529	234.454	1841.91	443.974	242.31	1706.96	235.454	257.477	1462.2	378.012	250.875
35.6	1593.02	593.925	236.826	1837.75	445.392	242.407	1704.79	235.442	257.825	1458.47	374.547	251.478
35.65	1587.42	591.372	236.486	1831.91	449.192	242.517	1702.69	234.743	259.137	1454.14	372.784	251.991
35.7	1581.43	590.296	236.457	1828.91	448.814	242.314	1700.78	236.025	255.911	1451.05	367.617	252.705
35.75	1575.16	588.308	236.017	1824.33	450.527	242.287	1699.98	235.798	256.873	1447.93	365.123	252.986
35.8	1569.01	587.166	237.007	1820.18	451.86	242.407	1697.84	235.81	257.128	1444.71	361.54	253.071
35.85	1563.66	587.307	237.624	1815.49	453.361	242.111	1697	235.389	257.487	1441.24	358.045	253.465
35.9	1556.58	587.308	239.115	1811.07	455.121	242.188	1694.9	234.127	256.989	1438.32	355.2	254.033
35.95	1551.16	582.509	238.219	1806.94	455.854	242.199	1693.87	235.846	257.202	1434.93	351.135	253.82
36	1543.78	580.639	238.252	1802.89	457.26	241.065	1691.68	235.602	258.567	1435.08	346.028	249.869
36.05	1538.11	578.377	237.99	1797.06	459.45	241.897	1692.34	237.188	259.294	1430.14	342.516	252.478
36.1	1531.74	576.92	238.25	1792.45	461.024	241.859	1688.66	235.986	257.595	1427.6	340.143	251.827
36.15	1528.44	573.928	236.187	1787.79	462.557	241.787	1688.13	236.192	255.917	1424.41	336.793	252.022
36.2	1519.53	572.362	238.214	1783.07	463.977	241.766	1684.57	237.029	258.396	1421.92	333.356	251.341
36.25	1513.29	571.171	238.646	1777.76	463.863	241.321	1682.93	237.142	257.31	1418.41	330.444	252.468
36.3	1507.31	571.237	239.848	1773.35	467.088	241.978	1681.09	237.051	258.353	1414.67	327.029	252.295
36.35	1501	567.057	239.473	1768.71	468.447	241.536	1678.14	237.406	257.033	1412.14	323.664	252.827
36.4	1492.85	560.828	238.633	1763.71	469.842	241.675	1677.24	237.729	257.976	1409.21	320.308	253.53
36.45	1488.05	563.499	240.387	1758.85	471.212	241.7	1674.65	238.607	258.295	1405.98	317.21	253.595
36.5	1482.68	560.406	240.145	1752.08	475.326	242.164	1672.25	238.135	259.83	1402.57	314.307	254.217
36.55	1476.64	558.785	240.209	1748.86	474.476	241.693	1670.03	239.48	257.551	1399.5	310.607	254.194
36.6	1470.53	556.211	239.874	1743.64	476.133	241.957	1668.76	239.195	259.004	1397.54	309.908	255.067
36.65	1464.3	554.762	240.812	1739.04	477.127	242.025	1665.56	241.056	258.273	1394.41	306.295	255.026
36.7	1459.38	553.835	241.314	1733.53	478.498	241.689	1664.96	240.519	258.9	1391.4	303.142	255.304
36.75	1452.32	552.418	242.714	1728.62	480.126	241.775	1662.3	239.389	258.657	1388.6	299.977	255.558
36.8	1446.96	547.859	242.148	1723.99	480.434	241.9	1660.76	241.457	258.989	1385.9	296.895	256.071
36.85	1438.21	542.656	242.084	1719.69	481.512	240.156	1660.35	243.275	260.337	1382.94	294.058	256.138
36.9	1434.51	538.966	239.548	1712.83	483.693	241.707	1657.18	243.474	259.233	1380.11	290.656	256.639
36.95	1428.22	537.275	240.18	1707.55	485.239	241.484	1656.74	243.373	260.411	1377.87	287.909	256.402
37	1422.5	534.675	240.245	1702.39	486.502	241.597	1654.11	244.342	258.443	1374.88	285.838	257.027
37.05	1416.32	531.753	240.71	1697.01	487.763	241.551	1651.14	246.202	259.807	1372.43	281.921	256.91
37.1	1410.55	529.649	240.649	1690.99	487.023	241.003	1648.71	246.421	259.53	1369.73	278.977	257.149
37.15	1404.78	527.673	240.98	1686.03	490.563	241.953	1646.54	247.263	259.409	1366.42	276.208	257.051
37.2	1398.73	524.662	241.131	1680.84	491.542	241.544	1643.84	247.865	260.167	1364.74	273.306	257.286
37.25	1392.93	522.149	241.184	1675.28	492.817	241.527	1642.12	249.19	259.093	1362.15	269.978	258.252
37.3	1386.86	519.469	241.051	1669.89	493.919	241.669	1639.21	250.008	259.725	1359.13	267.164	258.169
37.35	1381.5	517.156	241.116	1662.11	498.375	242.118	1637.4	250.882	259.089	1356.46	264.525	258.507
37.4	1375.62	514.339	241.448	1658.78	496.752	241.688	1635	251.489	259.307	1354.22	261.645	258.437
37.45	1369.81	511.432	241.593	1652.89	498.361	242.075	1632.77	252.266	259.379	1351.56	257.848	258.714
37.5	1364.32	508.485	241.478	1647.89	498.894	242.071	1628.34	255.508	259.848	1348.86	255.984	259.344
37.55	1358.27	506.344	241.942	1641.6	499.981	241.796	1627.89	253.791	260.284	1346.23	253.209	259.51
37.6	1352.55	503.545	242.245	1636.25	501.263	241.876	1624.82	254.316	259.622	1343.86	250.307	259.74
37.65	1346.87	500.974	242.385	1631.07	501.284	241.801	1623.16	256.213	259.865	1341.32	247.793	260.031
37.7	1341.05	498.027	242.536	1626.78	501.71	239.786	1620.09	257.012	261.129	1338.84	245.088	260.343
37.75	1335.44	495.472	242.675	1618.78	503.983	241.698	1617.49	258.837	259.332	1336.01	242.168	261.197
37.8	1329.54	492.723	242.841	1612.99	505.208	241.607	1616.61	258.134	260.353	1334.02	239.655	260.76
37.85	1324.02	489.587	243.136	1607.27	506.197	241.731	1615.13	259.415	257.788	1331.3	238.37	261.579
37.9	1318.33	486.562	243.392	1601.27	507.149	241.794	1610.28	261.621	259.981	1329.33	234.376	261.221
37.95	1312.74	483.89	243.399	1594.62	505.651	241.053	1607.57	262.44	259.9	1326.98	231.774	261.47
38	1307.21	481.161	243.685	1589.29	509.287	242.361	1604.97	263.569	259.631	1324.41	229.138	261.371
38.05	1301.43	478.057	243.967	1583.52	509.854	241.812	1601.96	264.906	259.701	1322.66	226.767	261.335
38.1	1296.07	475.077	244.146	1577.53	510.818	241.848	1599.51	265.787	259.707	1320.34	223.73	262.187
38.15	1290.27	472.237	243.975	1571.61	511.626	241.903	1595.88	267.594	260.044	1317.88	221.224	262.125
38.2	1284.98	469.229	244.419	1563.54	515.402	242.515	1593.54	268.229	260.084	1315.54	218.792	262.422
38.25	1279.46	466.158	244.673	1557.62	516.272	242.76	1590.88	269.66	259.631	1313.54	216.35	262.405
38.3	1273.96	463.071	244.88	1551.32	517.96	243.182	1588.65	270.184	260.179	1311.4	212.866	262.462
38.35	1268.61	459.976	244.844	1545.67	517.208	242.579	1583.35	274.779	259.753	1308.85	211.485	263.063
38.4	1263.24	457.308	245.047	1538.66	518.144	243.009	1582.1	273.625	259.424	1306.63	209.134	263.189
38.45	1257.64	454.167	245.425	1533.22	518.766	242.602	1578.89	274.684	259.413	1304.59	206.796	263.42
38.5	1252.39	451.172	245.749	1526.58	519.455	242.285	1576.16	276.464	259.142	1302.44	204.498	263.443
38.55	1246.88	448.135	245.787	1522.52	519.105	240.544	1572.62	277.911	259.912	1300.16	202.263	263.35
38.6	1241.64	445.115	246.086	1514.29	520.21	242.419	1569.71	279.219	258.983	1297.72	199.608	264.318
38.65	1236.06	442.192	246.096	1508.04	521.061	242.459	1567.73	279.348	259.273	1296.02	197.533	263.865
38.7	1230.9	438.667	246.592	1501.82	522.305	242.815	1565.5	280.256	257.309	1293.84	195.967	264.249
38.75	1225.62	435.462	246.798	1495.07	521.922	243.068	1560.5	283.321	259.103	1291.94	193.079	264.047
38.8	1220.45	432.422	246.884	1488.15	520.648	242.334	1557.27	284.621	258.924	1289.94	190.856	264.254
38.85	1215.24	429.098	246.992	1482.25	523.244	242.885	1554.05	286.069	258.679	1287.81	188.761	264.381
38.9	1209.8	426.089	247.653	1476.14	523.144	242.913	1550.42	287.691	258.933	1286.32	187.1	263.607
38.95	1204.96	422.888	247.605	1469.85	523.858	242.713	1547.51	288.784	258.66	1283.98	184.384	264.887
39	1199.67	419.681	247.804	1463.18	524.473	242.406	1543.05	290.974	259.375	1281.83	182.234	264.81
39.05	1194.6	416.549	247.918	1456.84	524.733	242.81	1540.26	291.754	259.128	1279.55	180.494	265.147
39.1	1189.57	413.198	248.265	1450.49	525.15	243.16	1537.05	293.516	258.626	1277.86	178.268	265.179
39.15	1184.41	410.15	248.483	1443.82	526.695	243.766	1534.58	294.108	259.564	1275.98	175.445	264.957
39.2	1179.46	406.775	248.443	1437.68	525.643	243.234	1527.13	300.055	258.115	1273.85	174.371	265.54
39.25	1174.66	403.882	248.6	1430.38	525.985	243.746	1526.33	298.341	258.294	1271.93	172.56	265.538
39.3	1169.3	400.391	249.039	1424.6	526.166	243.428	1522.44	299.889	258.426	1270.09	170.653	265.68
39.35	1164.56	397.365	249.31	1417.48	526.444	242.883	1519.29	301.549	257.933	1268.35	168.703	265.982
39.4	1159.42	393.917	249.51	1413.74	525.299	240.906	1515.07	303.062	258.811	1266.43	166.841	266.201
39.45	1154.44	390.517	249.633	1404.42	526.153	243.341	1511.27	304.565	257.551	1264.33	164.878	267.001
39.5	1149.41	387.739	249.691	1397.78	526.596	243.302	1509.41	304.698	258.133	1262.57	163.252	266.529
39.55	1144.74	384.092	250.286	1391.2	527.671	243.861	1506.73	305.822	255.504	1260.58	162.231	266.903
39.6	1140.03	380.888	250.33	1384.03	526.469	244.095	1500.38	309.18	257.789	1258.86	159.792	266.738
39.65	1135.18	377.536	250.553	1376.67	524.448	243.179	1496.49	310.807	257.536	1256.93	158.201	266.836
39.7	1130.37	373.791	250.703	1370.48	526.807	243.991	1492.72	312.321	257.386	1255.02	156.594	266.951
39.75	1125.46	371.025	251.541	1364.02	526.238	243.883	1488.37	314.102	257.776	1253.54	155.398	266.304
39.8	1121.06	367.39	251.442	1357.48	526.358	243.821	1484.75	314.955	257.29	1251.23	153.085	267.593
39.85	1116.31	364.191	251.665	1349.39	524.255	243.074	1482.18	315.773	255.379	1249.47	151.46	267.737
39.9	1111.54	360.857	251.82	1342.78	524.951	243.588	1476.83	319.34	256.381	1247.07	150.399	268.084
39.95	1107.09	357.531	252.118	1335.72	523.972	243.99	1472.94	320.754	255.963	1245.79	148.654	268.024
40	1102.31	354.366	252.261	1331.58	522.997	241.115	1469.3	321.832	256.16	1243.86	146.156	267.62
40.05	1097.73	351.164	252.475	1324.4	522.972	241.743	1464.54	324.224	255.913	1241.78	145.005	268.129
40.1	1093.4	347.783	252.474	1317.42	522.587	241.627	1460.46	326.033	255.489	1240.78	144.714	265.849
40.15	1088.54	344.456	252.788	1310.69	522.172	241.575	1456.18	327.018	255.518	1237.4	141.725	267.74
40.2	1084.39	341.199	253.513	1303.67	521.98	241.576	1451.63	329.161	255.631	1236.83	141.827	266.808
40.25	1079.52	337.772	253.28	1297	521.383	241.669	1447.08	330.966	255.797	1235.41	140.672	266.273
40.3	1074.65	333.579	253.302	1290.15	520.983	241.636	1442.67	332.706	255.441	1233.59	139.523	266.223
40.35	1070.45	331.446	253.527	1283.2	520.439	241.692	1438.56	334.28	255.478	1231.78	138.385	266.159
40.4	1066.25	327.726	254.123	1276.29	519.94	241.709	1433.73	335.814	255.323	1229.93	137.982	266.61
40.45	1062.08	324.75	254.037	1269.21	519.313	242.013	1429.5	337.735	255.345	1228.44	136.487	265.756
40.5	1057.46	321.014	254.426	1262.44	518.725	241.85	1424.81	339.307	255.104	1226.03	135.128	266.298
40.55	1053.19	317.557	254.542	1255.44	518.167	241.766	1420.19	340.924	254.903	1224.36	134.124	266.012
40.6	1048.93	314.728	255.453	1248.41	517.429	241.919	1415.41	342.612	255.011	1222.72	133.126	265.877
40.65	1044.75	310.869	255.292	1241.67	516.671	242.03	1411.21	345.241	255.315	3.09873e-303	3.10052e-303	1.061e-313
40.7	1040.56	307.676	255.753	1234.26	516.383	241.764	1404.8	346.085	254.101	1219.02	131.201	265.785
40.75	1036.05	304.419	255.72	1227.78	514.965	241.715	1400.9	347.345	255.184	1217.64	130.138	265.82
40.8	1032.11	301.077	256.042	1220.46	514.546	242.033	1396.31	349.245	254.818	1215.25	129.493	265.964
40.85	1027.72	298.11	256.119	1213.31	513.479	241.918	1391.79	350.531	254.88	1213.23	128.719	265.999
40.9	1023.54	295.141	256.504	1206.55	512.981	242.277	1386.54	352.627	254.59	1211.27	127.879	266.129
40.95	1019.71	291.616	256.36	1199.28	512.149	242.207	1381.46	353.874	254.378	1209.31	127.163	266.063
41	1015.27	288.139	256.737	1192.33	511.017	242.239	1377.21	354.783	254.07	1206.93	125.903	265.93
41.05	1011.82	285.098	257.537	1184.96	510.62	242.042	1371.99	357.094	253.885	1205.51	125.643	266.247
41.1	1007.25	281.571	257.108	1178.24	509.238	242.338	1366.88	358.797	254.13	1203.71	124.936	266.242
41.15	1002.28	276.576	256.857	1171.33	508.545	242.226	1361.81	360.491	253.722	1201.81	124.3	266.319
41.2	999.185	275.323	257.327	1164.07	506.927	242.262	1356.98	361.918	253.655	1199.92	123.685	266.429
41.25	995.426	271.89	258.03	1157	505.783	242.372	1351.79	363.404	253.534	1197.96	123.819	266.569
41.3	991.981	269.144	257.72	1149.56	504.743	243.209	1346.86	365.566	253.646	1196.35	122.862	266.426
41.35	987.649	265.42	258.182	1142.91	503.742	242.695	1341.75	367.015	253.266	1194.29	122.387	266.403
