2.55	2239.77	1143.79	185.739	2127.25	1361.99	171.26	2376.06	1492.47	158.688	0	0	0
2.6	2493.58	1294.51	173.956	2249.43	1147.4	185.888	2120.46	1349.69	172.2	2363.57	1502.24	156.989
2.65	2491.6	1310.11	171.285	2258.06	1148.34	185.806	2117.52	1343.49	172.515	2350.91	1509.11	156.569
2.7	2490.51	1324.75	170.054	2266.76	1149.85	185.73	2115.04	1336.7	173.03	2338.16	1515.23	156.011
2.75	2488.75	1339.36	168.78	2275.46	1152	185.347	2113.19	1329.96	173.577	2325.18	1520.91	155.77
2.8	2486.43	1353.88	167.926	2284.3	1154.75	185.254	2111.83	1323.26	174.139	2312.09	1525.79	155.509
2.85	2483.3	1368.37	166.778	2292.99	1158.13	184.954	2111.04	1316.53	174.727	2298.91	1530.14	155.215
2.9	2479.67	1382.8	165.502	2301.94	1162.14	184.499	2110.82	1309.95	175.336	2285.76	1533.59	154.876
2.95	2475.16	1397.05	164.418	2310.55	1166.63	184.14	2111.2	1303.41	175.903	2272.54	1536.93	154.984
3	2470.41	1411.4	163.239	2319.25	1171.84	183.684	2112.22	1297.11	176.426	2259.48	1539.48	154.815
3.05	2464.61	1425.25	162.266	2327.69	1177.59	183.255	2113.58	1291.13	176.925	2246.61	1541.31	154.601
3.1	2458.36	1439.06	161.306	2335.92	1183.94	182.733	2115.48	1285.07	177.531	2233.42	1542.46	154.797
3.15	2451.43	1452.54	160.082	2344.07	1190.98	182.007	2117.92	1279.42	178.01	2220.79	1543.13	154.867
3.2	2443.94	1465.72	159.28	2351.85	1198.42	181.48	2120.89	1273.93	178.474	2207.95	1542.98	154.832
3.25	2435.8	1478.59	158.138	2359.48	1206.59	180.763	2124.2	1268.69	178.795	2195.47	1542.43	154.958
3.3	2427.31	1491.15	157.241	2366.77	1215.2	180.125	2128.09	1264.1	179.241	2183.49	1541.54	154.885
3.35	2418.07	1503.21	156.399	2373.67	1224.25	179.396	2132.53	1259.61	179.653	2171.16	1539.67	155.719
3.4	2408.56	1515.07	155.441	2380.38	1234.4	178.418	2137.47	1255.5	180.14	2159.84	1537.13	155.82
3.45	2398.45	1526.15	154.742	2386.36	1244.01	177.657	2142.4	1251.99	180.31	2148.7	1534.49	156.11
3.5	2387.97	1536.83	153.99	2392.11	1254.71	177.024	2147.82	1248.87	180.584	2137.83	1531.12	156.467
3.55	2376.81	1547.19	152.995	2397.25	1265.74	176.06	2153.77	1246.12	180.751	2127.61	1527.36	156.689
3.6	2365.52	1557	152.529	2402.14	1276.96	175.086	2159.82	1243.71	180.912	2117.09	1522.7	157.293
3.65	2353.69	1566.23	151.637	2406.26	1288.66	174.014	2166.15	1241.96	181.045	2107.93	1518.23	157.841
3.7	2341.7	1574.84	151.238	2410.05	1300.63	173.15	2173.01	1240.55	181.299	2098.79	1513.37	158.078
3.75	2329.28	1582.76	150.565	2413.27	1312.95	172.042	2179.79	1239.96	181.185	2089.8	1507.52	158.967
3.8	2316.8	1590.37	150.129	2416.05	1325.56	171.07	2186.87	1239.58	181.291	2081.88	1502.27	159.358
3.85	2303.94	1597.26	149.648	2418.16	1338.27	170.002	2194.01	1240.23	181.059	2074.17	1496.31	160.187
3.9	2290.78	1603.51	149.181	2419.69	1351.41	168.998	2201.76	1241.26	180.576	2067.4	1489.85	160.386
3.95	2277.5	1609.34	148.726	2420.6	1364.77	167.827	2209.2	1242.49	180.487	2060.72	1483.27	160.966
4	2264.2	1614.34	148.546	2421.05	1378.18	166.801	2216.91	1244.74	179.979	2054.9	1476.26	162.014
4.05	2250.74	1618.9	148.074	2420.78	1391.81	165.599	2224.61	1247.22	179.699	2049.33	1469.3	162.241
4.1	2237.22	1622.73	147.964	2420.05	1405.47	164.603	2232.26	1250.33	179.303	2044.44	1462.07	162.887
4.15	2223.58	1625.88	147.817	2418.55	1419.12	163.539	2240.19	1254	178.734	2040.2	1454.81	163.573
4.2	2210.13	1628.64	147.66	2416.64	1432.83	162.44	2248.67	1259.15	177.354	2036.18	1447.87	164.663
4.25	2196.49	1630.59	147.479	2413.87	1446.58	161.379	2255.34	1262.58	178.524	2033.57	1439.6	165.037
4.3	2183.37	1631.7	147.654	2410.67	1460.31	160.285	2262.62	1268.25	177.576	2031.25	1432.22	165.626
4.35	2169.89	1632.48	147.632	2406.76	1473.96	159.155	2270.73	1274.49	176.303	2029.53	1424.78	166.145
4.4	2156.9	1632.6	147.634	2402.34	1487.44	158.222	2276.92	1280.23	176.581	2028.6	1417.31	166.602
4.45	2143.96	1632.21	147.685	2397.24	1500.73	157.005	2283.76	1286.89	175.376	2027.7	1410.04	167.426
4.5	2131.33	1631.07	147.757	2391.66	1513.92	156.039	2290.38	1294.45	175.216	2028.15	1402.24	168.119
4.55	2118.96	1629.33	148.224	2385.46	1526.76	154.971	2296.9	1302.5	174.292	2028.79	1395.56	168.07
4.6	2106.78	1627.2	148.224	2378.79	1539.47	153.959	2303.11	1311.01	173.357	2029.55	1388.63	169.139
4.65	2095.11	1624.42	148.656	2371.47	1552	153.164	2308.99	1319.77	172.798	2031.32	1382.06	169.635
4.7	2083.86	1621.24	148.635	2363.74	1564.16	152.261	2313.57	1328.75	172.984	2033.49	1375.75	170.279
4.75	2072.44	1617.42	149.089	2355.42	1576.01	151.215	2319.77	1338.54	171.318	2036.52	1369.49	170.503
4.8	2061.9	1613.38	149.641	2346.59	1587.45	150.498	2324.45	1348.32	170.549	2039.51	1363.23	171.104
4.85	2051.68	1608.72	149.974	2337.29	1598.6	149.523	2328.89	1358.76	169.411	2043.35	1357.82	171.845
4.9	2041.86	1603.61	150.605	2327.66	1609.34	148.849	2332.98	1369.38	168.709	2047.62	1352.6	172.153
4.95	2032.51	1598.11	150.959	2317.46	1619.54	148.02	2336.32	1380.41	167.748	2052.38	1347.62	172.682
5	2023.87	1592.42	151.61	2307.15	1629.28	147.434	2339.61	1391.74	166.582	2057.45	1343.17	173.032
5.05	2015.39	1586.17	152.097	2296.23	1638.62	146.709	2342.8	1403.77	165.499	2062.52	1339.8	173.682
5.1	2007.48	1580.1	152.426	2284.97	1647.57	146.037	2344.14	1414.67	164.848	2069.19	1335.48	173.716
5.15	2000.46	1572.86	153.113	2273.42	1656.08	145.327	2346.1	1426.84	164.394	2075.31	1332.15	173.969
5.2	1993.74	1565.99	153.898	2261.66	1663.93	144.875	2347.15	1438.77	163.218	2081.96	1329.66	174.24
5.25	1987.68	1558.66	154.37	2249.49	1671.29	144.306	2347.29	1451.89	161.814	2088.99	1327.34	174.6
5.3	1982.19	1551.4	155.113	2237.31	1677.94	143.83	2347.33	1463.91	160.78	2095.94	1325.88	174.605
5.35	1977.34	1543.68	155.697	2224.88	1684.13	143.375	2346.73	1476.8	159.951	2103.69	1324.51	174.435
5.4	1973.03	1536.05	156.385	2212.37	1689.92	142.924	2345.65	1489.77	158.85	2111.24	1324.06	174.557
5.45	1969.22	1528.15	156.942	2199.52	1694.98	142.717	2344.03	1502.51	157.692	2118.64	1324.36	174.825
5.5	1966.26	1520.35	157.564	2186.65	1699.68	142.355	2341.86	1515.21	156.56	2126.45	1324.91	174.747
5.55	1963.91	1512.41	157.963	2173.69	1703.63	142.041	2338.78	1528.48	155.829	2134.44	1326.25	174.629
5.6	1961.8	1504.63	158.894	2160.84	1707.04	141.833	2335.89	1540.6	154.523	2142.49	1327.88	174.46
5.65	1960.49	1496.92	159.479	2147.78	1709.83	141.623	2332.04	1553.02	153.439	2150.58	1330.2	174.097
5.7	1959.81	1489.13	160.248	2134.92	1712.11	141.735	2327.68	1565.18	152.461	2158.63	1333.16	173.955
5.75	1959.62	1481.48	160.865	2121.93	1713.81	141.551	2323.09	1577.75	151.121	2166.91	1336.73	173.533
5.8	1960.15	1474.09	161.35	2109.13	1715.13	141.383	2317.32	1589.57	150.151	2175.16	1340.44	173.652
5.85	1961.15	1466.84	162.08	2096.67	1715.43	141.64	2311.68	1601.44	149.271	2182.83	1345.35	172.938
5.9	1962.82	1459.82	162.535	2084.1	1715.53	141.753	2305.05	1613.7	148.313	2190.44	1350.98	172.532
5.95	1964.95	1453.02	162.981	2071.9	1715.02	141.629	2298.06	1624.98	147.379	2198.42	1356.44	171.893
6	1967.69	1446.37	163.668	2059.78	1713.86	141.774	2290.83	1635.98	146.55	2205.84	1362.43	171.189
6.05	1970.84	1440.25	164.06	2047.96	1712.32	142.001	2282.69	1647.24	145.564	2213.37	1369.78	170.571
6.1	1974.59	1434.15	164.611	2036.44	1710.26	142.395	2274.51	1657.36	144.761	2220.41	1377.23	169.885
6.15	1978.78	1428.6	165.008	2025.11	1707.53	142.516	2265.86	1668.09	143.681	2227.42	1385.09	169.271
6.2	1983.48	1423.5	165.344	2014.38	1704.65	142.772	2256.82	1678.43	142.789	2234.03	1393.74	168.304
6.25	1988.49	1418.62	165.768	2003.92	1701.12	142.995	2246.96	1688.48	142.704	2240.37	1402.55	167.735
6.3	1994.01	1414.3	166.053	1993.63	1697.3	143.375	2237.47	1697.61	141.274	2246.27	1412.01	166.981
6.35	1999.85	1410.3	166.27	1983.9	1693.04	143.706	2227.22	1706.26	140.48	2251.8	1421.83	166.052
6.4	2006.12	1406.8	166.588	1974.56	1688.37	144.234	2217.13	1714.36	139.854	2256.96	1432.14	165.268
6.45	2012.68	1404	166.692	1965.63	1683.29	144.604	2206.14	1722.35	139.028	2261.79	1442.71	164.286
6.5	2019.54	1401.4	166.998	1957.2	1677.94	145.117	2195.17	1729.91	138.6	2266.09	1453.74	163.391
6.55	2026.68	1399.36	167.043	1949.33	1672.16	145.74	2184.2	1736.45	137.391	2269.9	1465.05	162.477
6.6	2034.07	1397.98	167.116	1941.76	1666.32	146.083	2173.26	1743.38	136.517	2273.46	1476.87	161.399
6.65	2041.66	1397.04	167.208	1934.67	1660.25	146.559	2161	1749.29	136.876	2276.42	1488.38	160.723
6.7	2049.45	1396.76	167.038	1928.33	1653.67	147.185	2149.37	1755.2	136.81	2278.59	1501.06	159.456
6.75	2057.36	1396.99	167.033	1922.3	1647.06	147.709	2137.35	1760.3	136.285	2280.4	1513.57	158.485
6.8	2065.58	1397.65	167.11	1916.94	1640.15	148.349	2124.91	1764.54	135.478	2281.81	1526.1	157.472
6.85	2073.67	1399.05	166.825	1912.13	1633.35	148.896	2113.36	1767.91	134.943	2282.5	1538.81	156.229
6.9	2081.88	1400.98	166.678	1907.88	1626.28	149.539	2100.59	1772.14	135.236	2282.76	1551.97	155.269
6.95	2090.1	1403.57	166.365	1904.06	1619.07	150.124	2088.65	1775.1	134.907	2282.34	1565.14	154.296
7	2098.3	1406.54	166.143	1900.8	1611.89	150.653	2076.05	1777.84	134.912	2281.59	1578.2	153.059
7.05	2106.55	1410.29	165.852	1898.23	1604.67	151.32	2064.14	1779.43	134.201	2280.17	1591.73	152
7.1	2114.62	1414.57	165.503	1896.28	1597.43	151.719	2051.94	1781.37	135.051	2278.24	1605.04	150.915
7.15	2122.72	1419.35	165.007	1894.53	1590.41	152.433	2040.35	1782.2	134.465	2275.63	1618.41	149.795
7.2	2130.63	1424.75	164.58	1893.53	1583.29	153.104	2027.92	1782.37	133.936	2272.54	1631.72	148.821
7.25	2138.31	1430.61	164.116	1893.05	1576.22	153.628	2016.93	1782.46	134.533	2268.78	1645.11	147.734
7.3	2146.1	1437.21	163.447	1893.05	1569.38	154.304	2005.3	1781.89	134.58	2264.77	1658.36	146.478
7.35	2153.35	1444.1	162.752	1893.64	1562.6	154.715	1994.21	1781.24	134.922	2259.79	1671.33	145.731
7.4	2160.49	1451.61	162.218	1894.73	1556.19	155.353	1983.45	1780.02	134.883	2254.66	1684.37	144.908
7.45	2167.34	1459.61	161.517	1896.36	1549.88	155.849	1972.49	1778.2	135.152	2248.61	1697.14	143.773
7.5	2173.89	1468.16	160.78	1898.47	1543.84	156.319	1961.95	1775.8	135.51	2242.15	1709.53	142.775
