1.55	829.561	654.815	229.428	0	0	0	0	0	0	0	0	0
1.6	598.905	486.471	240.228	824.966	658.387	228.52	974.422	463.506	238.253	763.92	291.814	254.675
1.65	604.851	483.777	238.786	822.613	660.884	228.433	980.089	472.014	240.159	771.906	292.928	254.468
1.7	607.65	479.025	239.596	820.074	663.247	228.38	983.238	479.373	239.821	781.363	293.272	254.591
1.75	611.062	474.84	239.847	817.606	665.469	228.2	986.137	486.427	239.276	790.242	293.726	254.451
1.8	614.363	470.61	240.27	815.066	667.508	228.054	988.961	493.169	238.646	799.122	294.806	254.395
1.85	618.043	466.323	240.532	812.489	669.299	227.961	991.346	500.455	238.278	807.904	295.839	254.334
1.9	621.82	461.975	240.882	809.874	670.804	227.771	993.776	507.643	237.862	817.146	297.454	254.238
1.95	625.795	457.909	241.231	807.318	672.436	227.71	995.986	514.443	237.358	825.503	298.431	253.841
2	629.853	453.587	241.464	804.761	673.56	227.656	997.869	521.423	236.854	834.115	299.983	253.695
2.05	634.269	449.543	241.867	802.233	674.655	227.496	999.87	528.2	236.273	842.825	301.86	253.489
2.1	638.739	444.911	242.295	799.59	675.441	227.56	1001.33	535.286	235.795	851.491	303.627	253.237
2.15	643.221	441.043	242.427	797.116	676.246	227.446	1003.02	541.801	235.151	860.225	305.177	252.82
2.2	647.952	436.749	242.956	794.501	676.6	227.529	1004.6	547.997	234.597	868.552	307.537	252.728
2.25	652.85	432.549	243.223	791.997	676.862	227.478	1005.69	554.475	234.02	877.481	309.897	252.538
2.3	657.857	428.533	243.488	789.656	676.946	227.456	1006.71	560.974	233.463	885.915	312.394	252.313
2.35	663.147	424.372	243.807	787.117	676.832	227.483	1007.47	567.443	233.344	894.364	315.005	252.222
2.4	668.454	420.387	244.06	784.652	676.535	227.523	1008.28	573.74	232.611	902.496	317.898	251.651
2.45	673.626	416.594	244.022	782.331	676.251	227.385	1009.03	580.065	232.157	911.329	320.837	251.555
2.5	679.689	412.446	244.776	780.134	675.272	227.499	1009.33	586.255	231.666	918.65	324.072	251.676
2.55	685.85	408.67	245.123	777.747	674.581	227.633	1009.51	592.238	231.039	927.768	327.131	250.918
2.6	691.636	404.439	245.594	775.529	673.643	227.641	1009.49	598.182	230.66	935.745	329.761	250.401
2.65	696.992	401.368	246.471	773.537	672.457	227.935	1009.53	603.948	230.295	943.984	333.788	250.49
2.7	703.832	397.603	245.578	771.373	671.025	227.989	1009.58	609.433	229.781	952.218	337.434	250.026
2.75	710.372	393.169	246.201	769.315	669.113	227.928	1008.96	614.846	229.285	961.48	342.347	250.367
2.8	716.651	390.186	246.373	767.474	667.911	228.172	1008.58	620.519	228.972	968.1	344.936	249.55
2.85	723.54	386.773	246.347	765.805	665.97	228.22	1008.16	625.902	228.438	975.765	349.173	249.21
2.9	730.494	384.015	247.134	764.026	663.906	228.471	1007.47	631.104	228.3	983.438	353.337	249.038
2.95	737.92	379.607	247.308	762.464	661.661	228.573	1006.56	636.287	227.727	990.979	357.489	248.626
3	744.181	376.99	247.611	760.952	659.501	228.928	1005.67	641.063	227.501	998.385	361.081	247.987
3.05	751.509	374.013	248.115	759.561	656.778	229.15	1004.64	646.093	227.236	1005.5	366.161	247.898
3.1	759.413	370.535	247.93	758.229	654.117	229.24	1003.37	650.677	226.688	1013.16	370.97	247.485
3.15	766.167	368.132	248.221	757.067	650.922	229.435	1002.11	655.192	226.372	1021.49	376.86	247.748
3.2	773.829	365.48	247.831	755.819	648.096	229.495	1000.66	659.543	226.238	1028.51	381.706	246.927
3.25	781.381	363.053	248.31	755.055	645.325	229.779	999.428	663.693	225.723	1033.66	385.512	245.981
3.3	788.296	360.654	248.204	754.176	642.196	230.03	998.176	667.762	225.736	1041.38	390.449	246.42
3.35	797.685	357.491	249.064	753.7	638.73	230.355	996.312	671.703	225.227	1047.29	395.973	245.829
3.4	805.179	355.889	249.321	753.018	635.146	230.722	994.524	675.312	224.941	1054.41	400.939	245.234
3.45	813.405	352.984	249.976	752.624	631.562	230.944	992.638	678.981	224.646	1060.94	405.498	245.09
3.5	819.417	353.376	250.644	752.526	627.898	231.359	990.895	682.314	224.279	1067.1	411.52	244.511
3.55	829.468	350.314	249.184	752.372	624.032	231.391	988.973	685.672	224.088	1073.43	417.015	244.041
3.6	836.823	347.434	248.631	752.09	619.709	231.491	987.038	688.263	223.713	1079.92	423.449	244.023
3.65	846.176	346.623	250.136	752.511	616.24	231.929	984.817	691.688	223.616	1085.41	428.079	243.19
3.7	854.387	345.175	249.444	752.894	611.92	232.316	982.869	694.338	223.378	1091.1	433.879	242.76
3.75	863.189	345.248	250.04	753.498	607.828	232.542	980.725	696.93	223.233	1096.71	439.657	242.255
3.8	872.573	341.658	250.371	754.071	603.248	233.059	978.287	699.487	223.135	1102.18	445.398	241.975
3.85	879.931	342.002	250.224	754.94	599.066	233.557	976.194	701.625	222.969	1107.47	450.406	241.12
3.9	888.807	341.414	250.43	756.12	594.343	233.516	973.992	703.976	222.818	1112.47	457.171	241.072
3.95	897.616	340.508	250.08	757.14	589.664	234.068	971.736	705.492	222.629	1117.87	463.308	240.63
4	906.246	339.434	249.685	758.54	584.913	234.54	969.403	707.336	222.461	1122.83	469.403	240.14
4.05	915.379	339.555	249.12	759.992	580.215	234.872	966.884	709.061	222.822	1127.65	475.625	239.538
4.1	923.989	339.343	249.787	761.843	575.26	235.043	964.957	710.118	222.4	1131.61	481.773	238.949
4.15	931.794	339.833	249.265	763.76	570.451	235.473	962.663	710.87	222.113	1136.8	487.817	238.984
4.2	941.923	340.083	249.869	765.577	565.769	236.118	960.025	711.87	221.863	1140.86	494.076	238.36
4.25	950.792	339.955	250.209	768.034	560.567	236.189	957.725	712.759	221.799	1145.16	500.234	237.892
4.3	960.455	339.483	250.993	770.412	555.58	236.59	955.086	712.984	221.36	1149.12	506.711	237.472
4.35	966.071	343.301	251.279	773.163	550.557	237.128	953.115	713.797	221.697	1152.94	512.671	237.013
4.4	977.595	342.303	249.333	775.763	545.491	237.398	950.854	714.086	221.42	1156.72	518.875	236.499
4.45	986.504	341.54	249.589	778.626	540.153	237.751	948.353	714.185	221.532	1160.51	525.711	236.282
4.5	995.379	343.909	249.686	781.927	535.143	238.198	945.923	713.997	221.667	1163.6	531.37	235.635
4.55	1004.6	345.387	248.844	785.213	530.132	238.684	943.952	714.018	221.633	1166.76	537.641	235.082
4.6	1013.71	348.339	249.439	788.777	525.153	238.882	941.73	713.585	221.819	1169.7	543.69	234.691
4.65	1023.72	346.992	249	792.428	519.101	239.074	939.497	713.255	221.754	1172.65	549.328	233.87
4.7	1030.8	350.231	249.044	796.304	514.12	239.554	937.535	712.447	221.803	1175.44	555.771	233.503
4.75	1040.11	352.788	248.977	800.331	509.756	240.249	935.35	711.419	222.071	1177.76	562.484	233.593
4.8	1048.58	354.365	248.529	804.59	504.404	240.583	933.652	710.722	222.141	1180.43	568.69	232.797
4.85	1057.23	355.71	248.022	808.777	499.558	240.844	931.617	709.322	222.171	1182.35	574.917	232.056
4.9	1065.57	358.911	248.016	813.445	494.641	240.852	929.81	707.911	222.265	1184.65	580.25	231.283
4.95	1074.69	361.805	247.598	818.563	489.432	241.467	928.072	706.35	222.282	1186.56	586.72	231.082
5	1082.27	364.755	246.986	823.17	484.936	241.512	926.828	705.063	223.034	1188.26	592.924	230.732
5.05	1092.04	367.892	247.193	827.052	480.703	242.851	924.72	703.04	222.576	1190.5	598.243	230.083
5.1	1100.53	370.798	246.947	833.441	474.793	242.281	923.174	700.971	222.758	1191.58	604.826	230.013
5.15	1109.52	373.046	247.929	838.921	470.098	242.422	921.664	698.918	222.903	1193.08	611.559	230.11
5.2	1114.9	379.321	247.872	844.625	465.262	242.943	920.369	696.655	223.055	1194.1	616.558	229.245
5.25	1125.42	381.133	246.065	850.268	460.801	242.859	919.158	694.242	223.275	1195.35	622.425	228.979
5.3	1133.44	383.389	246.066	856.267	456.485	243.386	917.923	691.797	223.326	1196.15	627.952	228.54
5.35	1141.19	388.242	245.806	862.582	451.788	243.363	916.809	689.074	223.406	1197.1	634.002	228.326
5.4	1149.56	392.108	245.209	868.565	447.324	243.682	916.094	686.302	223.762	1197.82	639.27	227.924
5.45	1157.7	397.981	245.553	875.152	443.304	243.52	915.236	683.51	224.066	1198.28	644.632	227.556
5.5	1166.27	399.276	245.15	881.586	438.879	244.183	914.412	680.659	224.406	1198.8	650.336	227.34
5.55	1172.63	405.014	244.705	888.558	433.91	243.851	913.937	677.429	224.731	1199.06	655.674	227.082
5.6	1180.46	409.89	244.328	895.177	430.852	244.656	913.385	674.097	224.896	1198.93	661.048	227.214
5.65	1187.77	414.265	243.962	902.684	427.214	244.542	913.27	670.903	225.266	1199.27	666.055	226.363
5.7	1195.01	417.851	243.04	909.564	423.538	244.91	913.085	667.777	225.529	1199.08	671.127	225.923
5.75	1202.14	423.911	242.771	918.296	422.742	240.074	913.025	663.945	225.615	1199.04	676.006	225.468
5.8	1209.57	429.018	242.446	926.468	415.283	247.479	912.985	660.221	226.095	1198.66	680.805	225.444
5.85	1215.86	434.281	241.796	931.884	413.341	245.609	913.487	656.668	226.392	1198.16	685.615	224.951
5.9	1223.78	439.851	241.59	936.926	411.156	246.71	913.515	652.662	226.713	1198.44	689.11	224.282
5.95	1230.25	444.944	241.486	947.522	406.9	245.976	914.035	648.762	227.075	1197.12	694.541	224.412
6	1237.47	449.624	241.888	955.407	403.341	246.028	914.727	644.748	227.161	1196.69	700.369	224.644
6.05	1241.71	457.704	241.617	963.228	400.521	247.495	915.531	640.779	227.685	1195.45	703.01	223.71
6.1	1249.77	461.808	240.024	971.325	398.674	246.116	916.441	636.689	227.933	1194.56	707.201	223.437
6.15	1255.95	466.958	239.841	978.074	397.578	247.926	917.573	632.514	228.201	1193.73	709.299	222.166
6.2	1261.68	473.026	239.572	989.329	392.987	246.541	918.753	628.109	228.688	1192.37	714.953	222.925
6.25	1267.88	479.216	238.895	996.904	391.208	247.143	920.327	623.922	228.83	1191.05	718.548	222.73
6.3	1273.62	486.256	239.04	1005.56	389.219	247.357	921.942	619.408	229.333	1189.97	721.932	222.109
6.35	1279.95	490.57	238.538	1014.03	386.891	248.124	923.773	614.775	229.712	1188.64	725.491	221.998
6.4	1284.42	497.657	237.948	1022.93	384.067	246.491	925.64	610.436	229.983	1187.23	729.072	221.695
6.45	1289.75	504.03	237.71	1031.52	383.756	247.592	927.737	605.847	230.372	1185.52	732.015	221.865
6.5	1294.86	510.381	237.298	1041.02	382.178	247.589	930.023	601.349	230.712	1183.75	734.714	220.969
6.55	1299.76	515.96	236.4	1049.6	381.146	247.829	932.433	596.464	230.974	1182.89	736.634	220.205
6.6	1304.46	523.278	236.477	1060.85	383.513	241.193	935.115	591.897	231.207	1181.19	739.557	220.035
6.65	1309.32	529.733	235.786	1069.15	378.155	249.577	937.682	587.412	231.847	1179.34	742.061	219.931
6.7	1313.14	536.532	235.213	1076.01	378.923	247.353	940.848	582.463	232.236	1177.6	744.601	219.835
6.75	1318.24	543.278	234.824	1081.96	379.582	249.083	943.97	577.892	232.484	1175.8	746.789	219.572
6.8	1322	549.842	234.535	1094.94	377.305	247.897	947.231	573.255	232.845	1174.05	749.13	219.214
6.85	1326.62	555.732	235.08	1103.94	375.871	247.367	950.639	568.987	233.436	1172.27	751.042	219
6.9	1328.98	564.089	234.48	1112.81	376.504	248.993	953.757	564.388	234.059	1170.06	752.625	218.811
6.95	1333.63	569.97	233.201	1122.17	377.569	247.311	958.179	559.284	233.92	1168.29	754.462	218.668
7	1337.21	576.974	233.548	1133.52	378.702	248.526	961.948	554.495	234.546	1166.32	756.002	218.683
7.05	1340.06	582.887	232.451	1141.7	377.708	247.351	966.084	549.956	234.916	1164.44	757.271	218.535
7.1	1343.49	588.917	231.539	1150.25	378.813	247.493	970.379	544.387	234.706	1161.85	758.819	218.913
7.15	1346.09	596.996	231.458	1159.74	380.041	247.255	974.953	542.394	236.177	1160.38	759.758	218.234
7.2	1349.44	602.27	230.985	1168.71	380.785	247.319	979.551	536.032	235.556	1158.34	760.706	218.166
7.25	1351.19	609.454	230.849	1177.83	380.931	246.51	983.945	531.836	236.333	1156.25	760.585	217.661
7.3	1353.93	615.566	229.896	1186.88	383.43	246.872	988.892	527.481	236.779	1154.23	762.136	218.171
7.35	1356.22	622.546	229.412	1196.81	385.159	246.725	993.907	523.219	237.044	1152.41	762.676	217.953
7.4	1358.23	627.975	228.667	1205.69	387.066	246.675	999.296	517.717	236.887	1149.99	763.139	218.705
7.45	1360.31	635.755	228.276	1215.44	390.174	245.002	1004.45	514.652	237.48	1148.02	763.507	218.417
7.5	1361.94	642.026	227.871	1224.41	391.069	246.59	1010.01	510.676	237.709	1145.93	763.467	218.761
7.55	1363.5	648.414	226.953	1233.08	393.938	246.053	1015.5	506.791	238.087	1143.91	763.535	218.776
7.6	1365.27	655.178	226.363	1240.56	397.289	245.654	1021.4	503.039	238.064	1142.09	763.179	218.627
7.65	1366.21	661.165	226.555	1250.98	399.024	245.519	1027.43	498.902	238.802	1140.27	762.803	218.81
7.7	1367.65	667.208	226.526	1259.52	400.546	244.838	1033.13	495.779	239.098	1138.48	762.432	218.9
7.75	1368.13	673.961	225.582	1268.65	405.007	244.9	1037.44	492.974	239.962	1136.58	761.538	218.755
7.8	1369.22	680.039	224.989	1277.27	408.268	244.673	1045.7	487.997	239.399	1134.84	760.764	219.281
7.85	1370.07	686.829	224.813	1287.48	413.047	245.053	1052.16	483.868	239.402	1133.33	759.81	219.031
7.9	1370.1	691.791	224.458	1294.86	414.953	244.207	1058.88	480.932	240.443	1131.73	758.655	219.138
7.95	1370.6	697.784	223.425	1303.17	419.083	243.909	1065.26	477.965	240.07	1130.19	757.425	219.32
8	1370.15	703.604	222.886	1311.67	423.124	243.644	1073.15	475.613	239.84	1128.68	756.027	219.315
8.05	1370.77	709.25	223.047	1320.04	427.315	243.273	1080.39	470.63	239.224	1127.42	754.731	219.539
8.1	1369.2	715.58	223.731	1328.46	430.828	242.512	1086.4	469.228	240.623	1126.21	752.686	219.119
8.15	1370.17	720.524	221.726	1336.43	436.032	242.573	1095.37	467.867	236.69	1124.95	751.379	219.497
8.2	1369.68	726.08	221.735	1344.54	440.224	242.309	1102.47	465.118	236.96	1123.67	749.46	219.933
8.25	1369.13	730.465	220.655	1352.61	445.682	242.124	1109.75	460.006	236.669	1122.67	747.471	220.016
8.3	1368.72	737.086	220.868	1361.35	451.542	242.025	1115.88	458.878	238.471	1121.7	745.502	220.205
8.35	1367.65	742.119	220.38	1369.03	456.399	242.189	1124.44	456.799	238.725	1120.92	743.237	220.583
8.4	1367.13	746.917	219.316	1376.48	461.732	241.632	1131.78	454.818	238.934	1119.89	740.971	220.425
8.45	1366.09	752.3	219.168	1383.43	467.659	241.538	1139.68	453.152	238.578	1119.09	738.313	220.755
8.5	1364.95	756.566	219.258	1391.43	472.921	240.736	1139.04	455.882	235.259	1118.63	735.794	220.779
8.55	1363.55	761.554	219.217	1398.39	478.887	240.6	1153.32	450.868	240.041	1118	733.082	220.93
8.6	1362.16	765.744	218.596	1405.26	483.985	240.297	1160.21	448.898	240.029	1117.44	730.155	221.268
8.65	1360.6	770.994	217.887	1412.08	489.957	239.848	1171.09	446.302	239.378	1117.1	727.508	221.758
8.7	1359.13	775.776	218.195	1418.75	495.836	239.517	1179.16	444.758	239.318	1117.23	724.689	221.911
8.75	1356.84	778.928	217.878	1425.48	500.856	239.201	1187.12	443.74	239.858	1116.93	721.253	222.053
8.8	1355.29	783.092	216.859	1431.83	507.915	238.458	1195.57	442.964	239.591	1117.02	718.292	222.12
8.85	1352.63	786.493	216.682	1438.02	514.01	238.03	1206.1	443.997	240.784	1117.1	714.94	222.517
8.9	1351.18	790.868	216.928	1444.04	520.534	237.78	1213.07	441.158	239.223	1117.48	711.761	222.638
8.95	1347.5	794.958	218.554	1449.96	527.025	237.305	1220.1	441.387	239.372	1117.84	707.716	222.53
9	1347.09	797.652	216.197	1455.26	532.8	236.972	1228.58	441.047	239.475	1118.38	704.811	223.18
9.05	1344.76	801.117	216.123	1460.79	539.29	236.074	1236.86	440.749	239.358	1118.97	701.418	223.459
9.1	1342.43	803.242	215.599	1466.29	545.812	235.721	1245.71	438.273	238.286	1119.67	697.838	223.868
9.15	1340.49	807.574	215.831	1471.67	552.699	234.878	1254.23	443.981	240.487	1120.56	694.249	224.148
9.2	1337.62	810.341	215.471	1476.55	559.355	234.506	1254.52	442.739	252.812	1121.65	690.609	224.423
9.25	1334.44	813.222	216.463	1481.54	565.906	234.115	1273.05	445.972	238.48	1122.71	686.977	224.823
9.3	1332.05	815.892	215.76	1486.27	572.97	233.456	1280.43	444.287	237.695	1123.73	683.466	225.249
9.35	1329.08	818.22	216.012	1490.76	580.129	232.733	1288.9	445.098	237.552	1125.42	679.309	225.387
9.4	1326.54	820.578	216.03	1495.13	587.614	232.64	1297.46	446.103	237.527	1126.9	675.406	225.835
9.45	1324.31	822.266	215.569	1499.05	593.876	231.74	1305.93	447.442	237.258	1128.56	671.512	226.003
9.5	1321.12	824.413	215.758	1503.27	600.94	231.215	1314.29	448.97	237.334	1130.36	667.658	226.65
9.55	1318.65	827.69	216.181	1506.35	607.425	230.014	1322.61	450.919	237.249	1133.04	664.041	226.608
9.6	1315.6	827.775	215.623	1510.9	615.096	230.422	1331.03	452.422	236.859	1134.95	659.419	226.688
9.65	1312.84	829.156	215.403	1513.32	622.966	230.415	1339.51	454.324	236.759	1137.11	655.526	227.046
9.7	1309.31	829.716	214.797	1517.27	629.456	228.955	1347.98	456.771	236.563	1139.46	651.627	227.271
9.75	1307.16	831.673	215.378	1520.34	636.733	228.586	1356.01	458.967	236.365	1142.07	647.51	227.73
9.8	1304.42	832.362	215.397	1523.17	643.811	228.125	1364.51	461.276	236.309	1144.6	642.403	227.833
9.85	1301.37	832.567	214.967	1525.98	651.216	227.566	1372.51	463.701	235.622	1147.58	639.344	228.208
9.9	1298.71	833.741	215.337	1528.39	658.723	227.09	1380.55	466.604	235.858	1150.45	635.336	228.805
9.95	1295.74	833.908	215.271	1530.85	665.115	226.351	1388.68	469.74	235.512	1153.32	631.463	229.177
10	1293.12	834.726	215.508	1532.95	672.643	225.25	1396.64	472.604	234.913	1156.73	627.481	229.508
10.05	1290.08	834.582	215.514	1534.57	679.526	225.334	1403.36	474.367	235.196	1160.06	623.51	229.912
10.1	1287.45	834.495	215.458	1536.43	686.255	224.976	1412.36	479.326	234.643	1163.64	619.773	230.35
10.15	1284.73	834.325	215.185	1538.51	692.861	224.011	1421.1	483.165	232.746	1166.65	616.74	230.928
10.2	1281.96	833.841	215.673	1539.1	700.611	223.561	1427.76	486.637	233.596	1171.38	611.741	230.569
10.25	1279.23	833.515	215.637	1540.42	708.323	223.42	1435.59	490.199	233.57	1175.28	607.799	231.049
10.3	1277	832.357	215.565	1540.91	714.378	222.544	1444.15	493.511	232.793	1179.3	604.09	231.379
10.35	1274	831.854	215.725	1542.12	721.28	221.961	1450.82	498.794	233.056	1183.52	600.379	231.878
10.4	1271.8	832.212	216.338	1541.42	726.978	220.413	1457.86	503.917	233.503	1188.3	597.648	232.669
10.45	1269.02	829.713	215.975	1543.2	734.783	221.488	1464.83	506.802	232.664	1192.69	592.274	233.024
10.5	1266.53	828.502	216.108	1541.75	742.52	222.009	1472.18	511.338	231.995	1197.21	589.181	232.569
10.55	1263.8	826.379	215.864	1543.26	747.97	220.117	1479.11	515.976	231.708	1201.72	585.446	233.289
10.6	1261.75	825.507	216.439	1543.22	754.709	219.855	1485.38	520.674	231.802	1206.75	582.251	233.437
10.65	1259.5	823.295	216.174	1542.88	761.21	219.258	1492.66	525.372	231.063	1211.77	576.992	232.961
10.7	1257.05	820.733	216.397	1542.7	767.82	219.012	1498.84	529.476	230.548	1217.27	575.376	233.352
10.75	1255.52	819.781	216.748	1542.43	775.556	218.778	1505.62	535.298	230.488	1222.11	572.01	234.201
10.8	1253.52	817.457	216.799	1541.77	780.194	217.983	1511.87	540.548	230.257	1227.12	569.132	234.414
10.85	1251.73	815.484	217.388	1540.52	786.322	216.792	1518.22	545.757	229.924	1233.32	566.106	234.239
10.9	1249.83	812.957	217.398	1539.12	792.088	216.978	1523.15	550.132	229.425	1239.21	562.503	235.281
10.95	1248.13	810.417	217.595	1538.07	797.538	216.709	1530.07	556.59	229.127	1244.73	559.939	235.683
11	1246.56	807.649	217.719	1537.71	802.239	215.83	1536.02	561.818	228.652	1249.34	557.907	236.441
11.05	1245.12	804.914	218.109	1534.88	809.121	215.391	1541.49	567.76	228.341	1256.65	554.167	235.938
11.1	1243.6	802.17	218.275	1533.5	815.496	215.501	1546.72	572.816	227.814	1262.42	551.266	236.407
11.15	1242.58	798.909	218.378	1531.01	820.076	214.543	1553.55	578.542	227.247	1268.52	548.98	236.758
11.2	1241.12	795.851	218.845	1529.66	825.305	214.194	1557.44	585.241	227.196	1274.64	546.576	236.937
11.25	1240.29	793.635	219.424	1526.03	829.126	212.609	1563.04	593.563	227.71	1281.36	545.065	237.758
11.3	1239.17	789.327	219.336	1525.41	835.384	214.237	1567.42	597.106	226.122	1287.43	541.875	237.425
11.35	1238.28	785.901	219.697	1522.84	842.157	215.412	1572.2	603.137	225.74	1292.27	541.295	238.456
11.4	1237.36	782.042	219.711	1520.18	846.117	214.567	1575.86	608.357	224.247	1298.99	538.658	238.71
11.45	1236.96	778.858	220.118	1517.89	851.03	214.222	1580.85	615.961	224.758	1306.78	536.073	238.089
11.5	1236.89	774.881	220.178	1515.24	855.403	213.925	1585.02	621.985	224.748	1313.59	532.899	237.552
11.55	1236.17	770.843	220.674	1512.41	859.924	213.901	1589.44	627.195	223.316	1319.87	532.853	238.571
11.6	1236.11	767.349	221.151	1509.48	863.793	213.203	1593.52	634.276	223.298	1326.94	531.274	238.748
11.65	1236.09	763.245	221.399	1506.8	867.528	213.221	1597.35	640.641	222.871	1333.38	530.226	238.936
11.7	1236.12	759.424	221.973	1503.86	871.436	212.165	1601.07	647.549	222.407	1340.46	529.126	238.985
11.75	1236.41	755.264	222.167	1500.39	874.947	212.417	1604.36	654.333	222.034	1347.63	527.907	239.368
11.8	1236.6	751.187	222.614	1497.25	878.167	212.297	1607.77	659.717	221.002	1354.56	527.159	239.82
11.85	1237.27	746.889	222.682	1494.13	881.639	211.933	1610.67	666.346	220.345	1358.38	528.3	239.757
11.9	1238.06	742.912	223.373	1490.59	884.813	211.598	1613.57	673.957	220.914	1368.61	525.438	239.763
11.95	1238.84	738.575	223.512	1487.48	888.966	211.575	1614.92	677.764	218.272	1375.6	524.709	239.91
12	1239.67	734.554	223.998	1484.3	891.746	211.856	1619.37	682.82	217.81	1382.7	524.509	240.228
12.05	1240.82	729.628	224.385	1480.41	894.108	211.585	1620.99	690.279	217.625	1389.84	524.348	240.148
12.1	1242.11	725.37	224.679	1475.75	894.645	210.157	1623.34	697.179	216.974	1397.74	525.102	240.864
12.15	1243.61	720.797	224.965	1473.3	898.504	211.205	1624.47	702.929	215.887	1403.92	524.117	240.719
12.2	1245.04	716.268	225.512	1469.35	900.563	211.109	1627.53	709.272	215.493	1411.37	524.421	240.176
12.25	1246.94	711.911	225.742	1465.83	902.865	210.591	1628.68	716.299	215.353	1418.43	524.572	240.432
12.3	1248.81	706.99	226.105	1461.84	904.092	210.75	1630.53	722.222	215.232	1425.71	525.158	240.151
12.35	1251.47	702.401	225.534	1458.11	906.623	211.124	1630.53	729.968	215.478	1433.14	524.12	239.425
12.4	1252.83	697.886	226.888	1454.29	907.137	210.917	1632.79	734.961	214.073	1440.07	526.371	239.816
12.45	1255.21	693.481	227.223	1450.32	907.939	210.523	1633.31	741.045	213.193	1447.6	527.258	239.682
12.5	1257.75	688.956	227.441	1446.8	908.828	210.754	1633.99	747.538	212.657	1454.81	528.439	239.421
12.55	1260.17	684.259	228.006	1442.63	909.585	210.386	1634.9	753.74	211.794	1462.43	530.563	238.196
12.6	1263.14	679.734	228.241	1438.85	910.133	210.405	1635.7	760.473	211.889	1469.5	530.621	239.642
12.65	1265.69	675.427	228.799	1435.09	910.632	210.289	1635.75	765.551	210.137	1476.43	532.716	239.127
12.7	1269.07	670.636	229.129	1431.26	910.891	210.41	1636.2	772.251	210.354	1482.42	534.876	238.603
12.75	1272.3	666.296	229.224	1427.68	911.224	209.928	1635.83	777.939	210.123	1490.74	535.81	238.597
12.8	1275.85	661.662	229.792	1423.37	910.616	210.287	1636.19	783.027	210.172	1497.91	537.535	238.154
12.85	1278.73	658.063	230.35	1419.88	910.348	210.727	1635.38	789.721	209.375	1504.8	539.481	238.368
12.9	1282.85	652.824	230.479	1415.48	909.747	210.883	1634.64	795.057	208.705	1511.9	542.063	237.675
12.95	1286.69	648.445	230.854	1410.73	906.877	209.599	1634.58	799.808	207.754	1520.16	545.127	238.373
13	1290.88	644.361	231.003	1408.34	907.991	210.848	1633.33	806.736	207.968	1526	546.632	237.292
13.05	1294.87	640.115	231.543	1404.57	906.974	210.859	1633.25	811.965	206.714	1531.46	549.393	237.948
13.1	1299.46	636.244	231.998	1401.13	905.951	210.853	1631.49	818.148	207.08	1539.6	552.09	236.694
13.15	1303.94	631.322	231.915	1397.52	904.376	210.908	1630.6	823.109	206.787	1546.41	555.224	236.389
13.2	1309.29	627.185	231.191	1394.12	903.932	211.709	1627.69	829.877	207.799	1553.14	557.01	235.441
13.25	1312.76	623.46	232.852	1390.89	901.321	211.571	1627.87	833.898	206.385	1559.7	561.326	235.645
13.3	1317.74	619.533	233.012	1387.38	899.209	211.383	1626.7	837.86	205.933	1566.2	564.453	235.217
13.35	1322.6	615.895	233.155	1384.38	897.045	211.898	1624.09	844.152	205.396	1573.03	567.821	234.764
13.4	1327.48	611.963	233.454	1380.97	894.921	211.795	1622.8	848.423	204.741	1580.01	572.243	233.147
13.45	1332.89	608.311	233.708	1378.14	892.525	211.987	1621.47	854.529	205.239	1585.56	574.696	234.568
13.5	1337.71	604.987	234.457	1373.85	888.434	210.745	1619.06	857.085	203.541	1591.91	578.793	234.641
13.55	1343.55	601.37	234.375	1371.22	885.855	211.492	1617.62	863.22	203.891	1597.9	582.262	233.942
13.6	1348.97	597.981	234.484	1369.31	884.342	212.128	1613.95	868.075	205.059	1603.66	586.066	233.395
13.65	1354.99	594.398	235.025	1366.57	881.605	212.786	1611.8	871.811	204.984	1609.73	590.1	232.977
13.7	1359.66	592.708	235.428	1364.32	878.704	213.247	1609.21	876.314	204.353	1615.19	594.149	232.733
13.75	1366.28	588.227	235.37	1361.63	875.561	213.289	1606.14	879.812	204.511	1621.16	598.492	231.831
13.8	1372.33	585.196	235.465	1358.61	871.084	212.827	1604.07	885.213	204.704	1626.63	602.872	232.024
13.85	1378.53	582.765	235.506	1357.28	868.804	213.931	1601.19	887.527	204.016	1631.89	607.213	231.392
13.9	1384.94	579.546	236.075	1355.1	865.309	214.236	1598.61	890.643	203.191	1635.82	612.131	232.623
13.95	1391.55	577.427	236.508	1353.15	861.852	214.448	1595.35	894.445	203.331	1642.61	616.132	230.708
14	1398.31	573.558	236.529	1351.05	857.58	214.814	1592.3	897.629	203.09	1648.09	621.392	230.547
14.05	1405.34	571.586	235.231	1349.54	854.978	215.695	1589.51	900.65	202.863	1652.49	623.925	229.147
14.1	1410.62	569.614	236.901	1348.13	850.244	215.764	1586.21	902.973	202.52	1657.53	630.348	229.42
14.15	1417.42	567.691	236.796	1346.24	845.362	215.778	1582.93	906.077	202.567	1663.2	636.631	229.238
14.2	1424.09	565.35	236.767	1345.43	841.794	216.547	1579.7	908.759	202.545	1667.2	640.062	228.195
14.25	1430.87	563.678	236.806	1344.15	837.511	216.706	1576.14	911.118	202.588	1672.03	645.93	227.119
14.3	1437.78	561.947	236.954	1343.24	833.182	217.289	1573.19	913.17	202.229	1675.84	650.213	227.843
14.35	1444.55	560.653	237.319	1342.26	828.545	217.386	1569.54	915.39	201.84	1679.9	655.739	227.462
14.4	1451.66	559.145	237.142	1341.23	824.747	218.258	1566.55	917.246	201.295	1684.64	660.052	226.75
14.45	1458.56	557.898	236.871	1340.74	818.891	218.027	1563.22	919.41	201.427	1687.68	665.714	226.291
14.5	1465.82	556.659	237.249	1340.14	813.978	218.738	1559.51	921.021	201.844	1691.98	671.309	225.567
14.55	1472.05	556.823	237.379	1340.14	809.164	219.269	1556.07	922.386	201.409	1695.31	676.82	225.389
14.6	1479.95	554.742	237.092	1339.86	804.254	219.538	1552.05	923.278	201.665	1699.23	682.223	224.538
14.65	1487.19	553.806	236.963	1338.93	797.349	219.168	1548.81	924.751	201.541	1701.95	687.506	224.222
14.7	1494.58	553.52	236.952	1340.41	793.76	220.548	1545.77	925.608	201.185	1705.46	693.464	224.035
14.75	1501.89	553.174	236.988	1341.06	788.53	220.079	1541.71	926.279	201.1	1706.42	699.823	225.682
14.8	1509.34	553.29	237.218	1340.88	783.444	221.458	1538.07	927.02	201.205	1711.53	704.194	223.067
14.85	1516.86	552.405	236.926	1341.65	778.455	221.726	1534.41	927.448	200.958	1714.27	709.765	222.584
14.9	1523.95	552.859	236.714	1342.55	774.747	222.787	1530.98	927.598	200.988	1716.79	712.616	220.906
14.95	1531.2	553.332	236.707	1343.58	768.208	222.879	1527.49	928.162	201.001	1719.67	721.236	221.769
15	1538.52	553.518	236.629	1344.91	762.42	223.215	1523.61	927.611	201.094	1723.22	729.104	221.698
15.05	1545.88	553.46	236.31	1346.15	757.132	224.061	1520.08	926.721	200.898	1724.43	731.935	220.328
15.1	1553.45	554.763	236.062	1347.65	751.79	224.323	1516.67	927.229	201.647	1726.6	738.247	219.489
15.15	1560.7	555.518	236.22	1349.7	746.29	224.822	1513.31	926.64	201.687	1727.97	743.376	219.835
15.2	1568.21	556.499	236.186	1351.37	740.93	225.041	1509.36	925.812	201.346	1729.86	747.392	218.924
15.25	1575.51	557.927	235.751	1352.59	736.872	225.813	1506.19	924.887	201.514	1732.89	751.29	217.796
15.3	1582.77	558.988	235.871	1355.65	730.412	225.918	1502.85	923.025	201.258	1732.34	758.079	217.911
15.35	1590.32	560.715	235.443	1357.9	725.005	226.446	1499.58	921.879	201.698	1734.35	763.69	216.893
15.4	1597.06	562.57	235.366	1360.97	719.798	226.99	1496.22	920.953	201.806	1735.14	769.953	216.926
15.45	1604.59	563.891	235.132	1363.34	714.459	227.192	1492.54	919.2	202.455	1736.8	775.215	215.837
15.5	1611.79	565.557	234.593	1365.87	708.632	227.287	1489.98	917.805	202.122	1736.06	779.872	214.78
15.55	1618.82	567.843	234.721	1369.56	703.718	227.998	1487.01	916.806	203.052	1737.66	786.821	215.823
15.6	1626.17	570.137	234.194	1374.02	698.133	227.075	1483.73	913.934	202.343	1736.03	793.594	217.377
15.65	1633.09	572.719	233.993	1375.85	693.165	229.178	1480.65	912.066	202.504	1738.88	797.239	214.927
15.7	1640.17	574.922	233.965	1379.6	688.462	229.135	1477.74	909.763	202.865	1739.18	802.611	214.487
15.75	1646.19	578.08	234.359	1383.29	683.979	229.851	1475.01	907.457	203.012	1739.3	807.938	214.154
15.8	1654.17	580.824	232.921	1387.33	678.322	230.079	1472.33	905.132	203.262	1739.73	813.432	213.668
15.85	1660.82	583.346	233.028	1391.49	673.169	230.36	1469.47	902.253	203.619	1740.58	821.487	214.504
15.9	1667.54	585.75	232.279	1395.26	668.42	231.214	1467.04	899.595	203.718	1739.36	823.173	212.3
15.95	1674.15	589.671	232.073	1399.67	663.405	231.64	1464.56	896.748	204.1	1739.13	828.926	211.93
16	1681.36	594.047	232.146	1404.65	658.64	231.749	1462.13	893.617	204.43	1738.16	833.474	212.2
16.05	1687.68	596.273	231.147	1409.13	654.127	231.872	1459.8	890.695	204.157	1737.65	838.147	211.927
16.1	1693.59	599.978	231.345	1412.19	651.307	232.53	1457.86	887.364	204.882	1738.36	841.159	210.968
16.15	1699.94	603.765	230.912	1418.89	645.105	232.562	1456.01	883.998	205.227	1735.24	847.119	211.141
16.2	1706.2	607.698	230.819	1423.75	640.312	232.995	1454.02	880.524	205.449	1735.03	851.816	210.089
16.25	1712.72	610.851	230.141	1429.85	636.414	233.464	1452.16	877.019	205.897	1733.41	857.205	210.329
16.3	1717.96	615.133	229.612	1434.61	632.128	233.43	1450.41	873.286	206.149	1732.95	861.562	209.287
16.35	1724.21	619.455	228.987	1440.04	627.917	233.614	1449.07	869.634	206.449	1729.81	865.033	208.237
16.4	1729.61	624.003	228.808	1446.16	623.684	233.952	1447.66	865.855	206.974	1728.31	870.091	208.517
16.45	1735.74	628.554	228.282	1453.53	619.789	232.321	1446.28	861.848	206.941	1725.42	874.728	209.723
16.5	1740.68	632.852	227.957	1457.21	615.638	235.25	1445.12	857.686	207.509	1726.34	876.336	207.961
16.55	1746.24	638.053	227.83	1463.44	612.737	234.571	1444.16	853.511	207.846	1724.66	880.443	207.265
16.6	1750.02	643.161	228.827	1469.55	609.31	235.01	1443.3	849.458	208.109	1722.5	884.531	206.973
16.65	1757.03	647.451	226.981	1476.16	605.125	236.193	1442.55	845.116	208.628	1720.93	888.28	206.125
16.7	1762.11	652.126	226.641	1482.56	601.76	236.163	1441.86	840.693	208.828	1720.11	895.51	207.839
16.75	1767.01	655.908	225.489	1488.54	598.861	236.69	1441.39	836.155	209.22	1716.47	895.239	205.151
16.8	1771.91	662.413	225.887	1494.36	594.178	238.967	1441.01	831.641	209.791	1714.69	899.688	205.362
16.85	1777.78	670.239	225.82	1503.51	591.945	238.482	1440.97	827.179	209.906	1711.7	902.383	205.508
16.9	1781.63	672.238	224.294	1508.83	590.462	236.656	1440.59	822.512	210.174	1709.58	904.829	205.782
16.95	1785.39	678.18	224.202	1513.7	589.814	236.46	1441.05	817.77	210.752	1706.64	908.644	205.237
17	1789.5	683.559	223.7	1522.6	585.568	236.821	1441.51	812.984	211.198	1703.45	910.896	204.959
17.05	1793.65	689.187	223.794	1529.3	582.635	236.932	1441.8	808.43	211.602	1701.43	911.463	203.135
17.1	1798.6	693.255	222.594	1538.21	580.398	238.495	1442.2	803.704	212.065	1697.7	917.259	203.795
17.15	1800.6	698.88	222.183	1544.91	578.854	238.13	1443.14	798.669	212.463	1696.78	919.335	203.006
17.2	1805.14	704.942	221.539	1551.37	578.457	236.684	1444.14	793.743	213.063	1692.87	922.718	204.378
17.25	1807.9	711.208	221.048	1559.02	576.163	236.944	1445.13	788.967	213.429	1690.28	924.651	204.389
17.3	1811.96	717.088	220.826	1566.87	575.023	235.818	1446.24	784.155	213.706	1684.88	928.454	205.846
17.35	1814.02	722.511	219.698	1574.1	573.853	236.157	1447.86	779.635	214.347	1682.04	930.015	206.172
17.4	1817.5	729.358	220.081	1581.35	572.49	236.473	1449.19	773.722	214.628	1679.58	932.307	205.29
17.45	1818.35	735.549	221.374	1588.44	571.356	236.517	1450.9	769.102	214.631	1676.07	935.179	205.89
17.5	1823.44	740.824	219.166	1596	570.897	236.734	1452.48	764.189	215.494	1673.2	935.775	205.046
17.55	1826.13	746.48	218.817	1604.07	570.679	236.552	1454.34	759.231	216.009	1671.57	939.817	205.919
17.6	1828.47	750.614	217.491	1611.16	569.856	236.658	1456.61	753.446	216.245	1666.63	938.784	204.539
17.65	1830.81	758.639	217.941	1618.95	569.827	236.252	1458.8	749.049	216.69	1663.98	940.272	204.585
17.7	1834.82	768.502	218.498	1627.27	568.784	237.478	1461.4	744.318	217.19	1660.87	940.854	204.082
17.75	1835.33	769.819	215.985	1634.15	569.844	236.163	1464.01	739.728	216.848	1657.86	941.197	204.391
17.8	1836.43	776.504	215.95	1641.21	570.507	236.005	1466.99	734.639	217.73	1655.09	944.351	204.816
17.85	1837.83	781.369	215.337	1649.32	570.142	235.98	1470.31	729.098	218.095	1651.56	944.308	204.937
17.9	1839.24	788.598	215.827	1656.93	570.302	235.365	1472.85	725.38	218.746	1648.58	944.327	204.185
17.95	1841.7	792.625	214.389	1664.72	571.767	235.505	1475.6	720.739	219.092	1645	945.376	204.329
18	1840.32	798.178	214.069	1672.35	572.83	235.169	1479.45	715.636	219.37	1642.14	945.66	204.606
18.05	1842.55	804.884	213.033	1679.87	573.922	235	1483.05	710.844	219.775	1639.09	946.007	204.735
18.1	1842.45	811.575	212.786	1687.51	575.162	234.915	1486.55	706.579	220.016	1635.65	945.613	204.692
18.15	1843.91	817.646	212.652	1694.32	576.683	235.222	1490.27	702.111	220.416	1632.43	945.52	204.627
18.2	1843.08	822.891	211.388	1702.58	578.472	234.413	1494.74	698.178	221.353	1629.08	945.009	204.93
18.25	1843.92	829.857	212.108	1709.96	580.061	234.247	1498.45	693.053	221.26	1625.97	944.61	204.925
18.3	1842.07	835.915	213.096	1717.35	581.186	233.4	1502.52	688.967	221.587	1622.72	945.204	205.507
18.35	1844.4	840.931	211.3	1724.82	584.282	233.66	1506.84	684.886	222.019	1619.86	943.283	204.652
18.4	1844.44	846.461	210.831	1733.73	588.589	233.471	1511.25	680.651	222.321	1616.73	942.371	204.928
18.45	1844.1	850.38	209.246	1739.61	589.045	232.703	1515.89	675.796	222.28	1613.57	941.439	204.72
18.5	1843.67	857.917	210.168	1746.85	591.955	232.411	1520.18	671.963	222.77	1611.24	940.562	204.562
18.55	1845.49	868.173	210.864	1753.88	594.28	232.745	1525.28	668.418	223	1608.19	938.63	204.518
18.6	1842.74	868.163	208.005	1760.67	597.776	231.984	1529.9	664.779	223.554	1605.13	936.518	204.831
18.65	1841.27	874.193	208.283	1768.05	600.198	231.8	1535.13	661.301	223.564	1602.32	935.232	204.857
18.7	1839.85	879.305	207.892	1774.35	603.432	231.139	1540.24	657.506	224.123	1599.22	933.66	205.224
18.75	1838.79	884.646	208.081	1781.28	606.204	230.385	1545.39	654.165	224.318	1596.71	932.025	205.297
18.8	1838.73	887.946	206.958	1788.06	610.711	230.764	1550.12	650.94	224.457	1593.72	929.862	205.262
18.85	1834.56	892.394	206.508	1794.12	614.076	229.67	1556.25	647.281	224.627	1591.73	928.12	205.381
18.9	1834.4	898.093	205.738	1800.8	618.036	229.572	1561.93	644.611	224.969	1588.92	925.816	205.801
18.95	1831.91	904.082	205.503	1807.57	622.551	229.46	1567.06	641.284	224.536	1586.41	923.507	206.122
19	1830.88	908.934	205.583	1812.36	626.676	230.518	1573.33	638.303	225.246	1583.93	921.027	206.321
19.05	1827.47	912.903	204.395	1820.35	630.857	228.859	1580.09	636.3	226.197	1581.67	918.407	206.615
19.1	1826.01	918.784	205.2	1826.4	635.051	228.414	1585.45	632.88	225.718	1579.61	916.057	206.768
19.15	1822.33	922.918	205.972	1832.44	638.259	227.23	1590.03	631.315	226.621	1577.45	914.165	207.358
19.2	1822.26	926.225	204.852	1838.32	644.26	227.866	1597.21	628.413	225.849	1575.54	910.625	207.122
19.25	1820.07	930.541	204.013	1845.95	652.288	227.752	1603.62	626.303	226.266	1573.51	907.632	207.336
19.3	1817.68	932.188	202.638	1849.83	653.759	226.282	1609.88	622.713	225.13	1571.61	904.897	207.454
19.35	1815.07	938.951	203.587	1857.18	661.81	226.049	1615.52	622.734	225.471	1569.98	901.572	207.929
19.4	1814.82	947.48	204.683	1860.29	662.015	224.934	1622.02	620.643	225.99	1568.54	898.671	208.379
19.45	1809.55	945.845	202.225	1865.78	667.833	224.926	1629.1	619.246	225.468	1567.06	894.926	208.76
19.5	1806.22	950.244	202.338	1872.02	671.653	224.236	1635.82	618.717	224.315	1565.53	892.04	208.947
19.55	1802.89	953.361	202.198	1875.19	677.897	223.57	1640.93	617.258	224.744	1564.28	888.817	209.271
19.6	1799.87	956.771	202.762	1880.26	681.582	222.182	1647.75	616.174	225.488	1563.11	885.216	209.68
19.65	1796.64	959.962	201.998	1885.01	689.889	222.803	1655.21	613.806	226.012	1561.83	881.607	209.741
19.7	1791.83	960.912	201.273	1889.57	695.553	222.2	1661.59	613.159	226.044	1561.24	878.121	209.873
19.75	1789.74	964.305	200.589	1892.76	700.217	220.543	1668.72	612.65	225.71	1560.48	874.762	210.769
19.8	1785.13	969.139	201.295	1897.72	707.639	221.241	1674.45	612.118	226.629	1559.6	870.599	210.979
19.85	1783.83	970.85	200.032	1900.22	714.549	221.75	1683.35	611.064	225.285	1559.07	866.954	211.097
19.9	1777.89	973.304	199.791	1905.7	719.304	220.579	1689.34	611.46	226.574	1558.4	862.942	211.697
19.95	1775.51	976.229	200.822	1909.42	725.552	219.509	1695.38	611.196	225.753	1558.1	859.199	211.917
20	1770	978.825	201.675	1912.89	731.644	219.085	1699.66	610.716	228.901	1557.76	856.375	212.906
20.05	1767.77	980.531	201.15	1916.3	737.978	218.877	1709.27	611.193	225.597	1557.75	851.181	212.423
20.1	1764.26	982.65	200.593	1921.25	748.346	219.661	1715.95	611.339	225.783	1557.15	845.954	212.596
20.15	1760.33	982.765	199.525	1922.11	747.834	215.886	1723.36	609.97	224.819	1557.59	843.213	213.006
20.2	1756.67	986.484	200.566	1925.28	755.32	215.961	1729.65	612.58	225.129	1558.19	839.012	213.696
20.25	1755.37	992.538	201.562	1927.69	762.928	216.545	1737.75	615.282	224.872	1558.64	834.858	214.045
20.3	1748.92	988.729	199.18	1929.01	768.098	214.721	1744.6	614.438	223.556	1559.32	830.04	214.489
20.35	1744.7	990.519	199.732	1932.84	772.867	214.119	1751.37	616.66	222.752	1559.53	826.714	214.91
20.4	1740.42	991.214	199.851	1933.93	778.66	213.5	1756.3	617.362	223.624	1560.82	822.63	215.114
20.45	1736.52	992.153	200.457	1936.52	780.821	210.64	1763.48	619.007	224.641	1561.6	818.05	215.552
20.5	1732.58	992.749	199.979	1939.03	800.023	218.171	1771.37	618.806	224.033	1562.54	813.816	215.712
20.55	1727.12	991.541	199.353	1939.94	806.494	217.139	1776.2	620.979	223.717	1563.99	809.576	215.936
20.6	1724.26	992.398	199.144	1941.35	812.882	216.622	1783.73	623.188	223.251	1565.61	805.81	216.879
20.65	1719.73	994.015	199.334	1942.49	819.315	216.063	1789.65	625.318	223.825	1566.84	800.895	217.006
20.7	1715.96	994.111	199.764	1943.46	825.778	215.506	1796.69	627.645	223.304	1568.58	796.811	216.911
20.75	1710.43	993.284	198.408	1944.3	832.233	215.022	1802.5	630.107	222.932	1569.93	792.544	217.715
20.8	1707.86	993.924	199.854	1944.96	838.633	214.42	1808.69	633.161	222.562	1571.86	788.475	217.928
20.85	1702.79	993.695	200.865	1945.36	845.035	213.864	1811.55	635.239	225.773	1573.73	785.675	218.971
20.9	1699.98	993.149	200.841	1945.64	851.359	213.372	1821.7	638.185	222.198	1575.97	780.06	218.231
20.95	1696.32	992.678	200.406	1945.94	858.153	212.943	1827.73	640.853	221.924	1577.23	774.053	218.371
21	1692.46	990.3	199.606	1945.69	864.016	212.276	1833.91	641.498	220.848	1580.16	771.947	219.048
21.05	1688.59	991.26	200.866	1945.46	870.38	211.75	1840.33	647.27	221.226	1583.06	767.764	219.553
21.1	1687.55	994.614	201.529	1945.05	876.556	211.246	1854.8	659.787	214.218	1585.67	763.716	219.916
21.15	1680.58	988.505	200.48	1944.46	882.671	210.787	1848.38	661.393	231.293	1588.81	758.801	220.232
21.2	1676.77	987.541	201.187	1943.69	888.844	210.236	1858.64	666.56	226.302	1591.17	755.64	220.695
21.25	1673.01	985.821	201.317	1942.72	894.782	209.668	1864.31	670.277	226.011	1594.84	751.778	220.764
21.3	1669.02	983.842	201.583	1941.63	900.412	209.011	1869.76	674.093	225.601	1597.75	747.45	221.215
21.35	1665.31	981.865	201.225	1940.3	906.882	208.558	1875.3	677.833	225.065	1600.85	743.707	221.254
21.4	1661.23	978.873	201.642	1938.98	912.742	208.355	1880.45	681.705	224.923	1604.3	739.905	221.831
21.45	1658.83	977.303	201.597	1937.43	918.527	207.856	1885.76	685.895	224.291	1608.42	736.706	222.743
