2.85	1365.96	1710.18	145.32	1352.64	1424.33	165.333	1111.33	1446.16	168.641	1112.97	1710.71	144.371
2.9	1368.41	1712.13	143.343	1365.37	1433.28	168.598	1119.54	1434.64	169.528	1117.65	1713.12	144.88
2.95	1370.66	1715.47	142.986	1374.81	1435.86	168.244	1128.86	1431.49	169.942	1119.99	1709.83	145.278
3	1373.04	1718.52	142.622	1384.05	1438.75	167.9	1138.33	1428.65	170.045	1122.6	1706.85	145.505
3.05	1375.4	1721.41	142.421	1393.1	1441.82	167.621	1147.47	1426.07	170.509	1125.29	1703.88	145.773
3.1	1377.66	1724.19	142.164	1402.16	1445.07	167.471	1156.85	1423.67	170.64	1128.06	1700.85	146.039
3.15	1379.9	1726.96	141.837	1410.94	1448.03	167.026	1166.29	1421.03	170.834	1130.89	1697.81	146.225
3.2	1382	1729.55	141.73	1419.62	1451.34	166.791	1175.82	1418.93	171.239	1133.78	1694.6	146.569
3.25	1384.17	1732.26	141.42	1428.19	1454.72	166.286	1185.8	1417.69	171.166	1136.8	1691.28	146.729
3.3	1386.07	1734.67	141.209	1436.88	1458.02	166.127	1194.61	1414.5	171.686	1139.8	1687.94	147.02
3.35	1387.99	1737	140.956	1445.22	1461.7	165.799	1203.29	1411.45	173.595	1142.88	1684.64	147.331
3.4	1389.69	1739.47	140.629	1453.52	1465.03	165.363	1212.98	1411.51	171.341	1146.02	1681.41	147.629
3.45	1391.59	1741.58	140.559	1461.85	1468.65	164.839	1223.51	1408.84	172.071	1149.22	1678.02	147.982
3.5	1393.3	1743.71	140.375	1470.06	1472.58	164.606	1232.59	1407.58	172.304	1152.59	1674.55	148.442
3.55	1394.93	1745.63	140.065	1478.22	1476.36	164.283	1242.45	1404.68	172.288	1155.87	1671.02	148.618
3.6	1396.52	1747.62	139.87	1486.05	1480.12	163.804	1252.38	1403.17	172.446	1159.32	1667.38	148.921
3.65	1398.14	1749.54	139.747	1494.11	1484	163.547	1262.46	1403.15	171.6	1162.8	1663.89	149.22
3.7	1399.63	1751.36	139.64	1501.79	1488.07	163.081	1271.93	1400.98	172.483	1166.49	1660.1	149.535
3.75	1401.06	1752.91	139.441	1509.6	1491.88	163.036	1280.82	1399.57	171.716	1170.1	1656.36	150.007
3.8	1402.25	1754.71	139.139	1517.05	1496.14	162.453	1291.59	1398.66	172.264	1173.76	1652.65	150.327
3.85	1403.74	1756.03	139.082	1524.48	1499.92	162.105	1301.53	1397.39	171.771	1177.61	1648.72	150.607
3.9	1405.1	1757.44	139.105	1531.88	1504.32	161.675	1311.16	1396.79	172.701	1181.34	1644.92	151.235
3.95	1406.4	1758.68	138.869	1539.4	1509.49	161.406	1320.92	1395.9	172.332	1185.51	1641.15	151.407
4	1407.62	1759.82	138.861	1546.09	1512.75	160.814	1330.73	1394.55	172.318	1189.52	1637.27	151.507
4.05	1408.83	1760.92	138.629	1553.06	1517.19	160.234	1341.14	1394.59	172.174	1193.81	1633.29	151.945
4.1	1410.08	1762.02	138.717	1559.87	1521.38	160.005	1353.54	1396.68	171.758	1198.05	1629.27	152.308
4.15	1411.16	1762.6	138.579	1566.64	1525.64	159.604	1360.52	1393.31	171.771	1202.32	1625.11	152.756
4.2	1412.15	1763.49	138.433	1573.09	1530.27	159.33	1368.65	1391.78	174.261	1206.72	1621.16	152.891
4.25	1413.05	1764.11	138.333	1579.51	1534.01	158.894	1379.68	1392.93	171.318	1211.14	1617.07	153.335
4.3	1414.21	1764.63	138.383	1586.06	1538.36	158.126	1390.06	1391.6	172.788	1215.66	1612.94	153.705
4.35	1415.25	1765.01	138.241	1592.21	1543.28	157.713	1399.12	1392.97	171.82	1220.49	1608.98	154.177
4.4	1416.09	1765.21	138.32	1598.68	1547.74	157.677	1408.36	1391.37	171.231	1224.95	1604.7	154.442
4.45	1417.12	1765.49	138.109	1604.56	1552.12	157.061	1418.61	1391.58	170.746	1229.83	1600.69	154.802
4.5	1418.08	1765.75	138.249	1610.57	1556.77	156.895	1428.93	1393.24	170.791	1234.62	1596.62	155.076
4.55	1419.11	1765.69	138.256	1616.28	1561.22	156.564	1438.73	1393.12	171.198	1239.63	1592.31	155.548
4.6	1419.9	1765.74	138.257	1622.04	1565.59	156.3	1446.8	1393.99	169.719	1244.68	1588.36	155.885
4.65	1420.81	1765.53	138.288	1627.69	1570.31	155.804	1457.82	1394.13	170.788	1249.7	1584.09	156.309
4.7	1421.72	1765.21	138.266	1633.09	1574.81	155.38	1466.86	1394.49	170.49	1254.96	1579.68	156.556
4.75	1422.62	1764.85	138.327	1638.67	1579.44	154.673	1476.94	1396.29	170.588	1260.08	1575.74	157.252
4.8	1423.49	1764.29	138.458	1644.23	1584.73	155.181	1486.72	1395.79	170.775	1265.63	1571.6	157.579
4.85	1424.45	1763.69	138.376	1648.88	1588.31	154.257	1496.29	1395.88	170.109	1270.85	1567.51	157.713
4.9	1425.26	1763.04	138.521	1653.78	1593.1	153.705	1505.8	1398.05	170.81	1276.63	1563.07	158.388
4.95	1426.36	1762.39	138.677	1658.25	1597.55	153.47	1517.59	1403.3	170.815	1282.2	1558.94	158.768
5	1427.09	1761.36	138.663	1662.95	1601.99	152.943	1524.41	1400.23	170.218	1287.89	1554.83	159.294
5.05	1427.95	1760.33	138.78	1667.46	1606.47	152.589	1533.13	1400.71	171.383	1293.71	1550.61	159.612
5.1	1428.72	1759.27	138.736	1671.67	1610.41	152.102	1542.31	1403.6	169.038	1299.51	1546.3	160.113
5.15	1429.82	1757.93	138.946	1676.16	1614.53	151.016	1552.29	1404.63	169.914	1305.54	1542.18	160.623
5.2	1430.71	1756.58	139.177	1680.07	1619.6	150.836	1561.35	1406.2	169.726	1311.81	1538.12	161.238
5.25	1431.64	1755.04	139.142	1684.67	1624.18	150.964	1569.61	1406.63	168.487	1317.71	1533.89	161.354
5.3	1432.62	1753.66	139.228	1688.67	1628.55	150.501	1579.18	1408.19	168.136	1323.93	1529.87	161.818
5.35	1433.73	1752.06	139.458	1692.27	1633.1	150.076	1588.43	1411.05	169.053	1330.24	1525.77	162.057
5.4	1434.72	1750.47	139.58	1695.85	1637.47	149.965	1597.4	1412.96	169.253	1336.84	1521.55	162.14
5.45	1435.76	1748.63	139.792	1699.88	1641.27	149.59	1605.17	1414.7	167.691	1343.07	1517.61	162.856
5.5	1436.78	1746.74	139.93	1703.54	1645.78	149.132	1614.87	1416.68	167.969	1349.3	1513.54	163.472
5.55	1438.04	1744.61	139.94	1706.88	1649.94	148.588	1622.3	1418.62	167.477	1356.06	1509.46	163.722
5.6	1439.08	1742.48	140.4	1710.46	1654.13	148.016	1632.45	1422.36	167.687	1362.68	1505.6	164.204
5.65	1440.25	1740.32	140.428	1714.15	1659.29	148.806	1640.57	1423.95	166.722	1369.56	1501.84	164.568
5.7	1441.46	1738.06	140.686	1716.83	1662.15	147.727	1649.19	1425.13	165.758	1375.93	1498.17	164.598
5.75	1442.69	1735.6	140.922	1719.62	1666.47	147.073	1657.31	1428.73	166.224	1383.1	1493.95	165.357
5.8	1444.12	1733.42	141.186	1722.3	1670.33	146.87	1668.96	1434.95	166.835	1389.96	1490.37	165.434
5.85	1445.28	1730.62	141.412	1724.97	1674.22	146.53	1674.44	1433.98	165.636	1397.2	1486.49	165.965
5.9	1446.74	1728.01	141.562	1727.6	1678.05	146.276	1682.5	1437.08	165.618	1404.15	1482.89	166.369
5.95	1448.09	1725.24	141.658	1729.98	1681.47	145.75	1689.07	1441.16	163.272	1411.39	1478.79	166.748
6	1449.66	1722.42	142.063	1732.38	1684.68	144.846	1699.1	1441.84	165.846	1418.79	1475.31	166.989
6.05	1451.37	1719.54	142.176	1734.37	1689.06	144.608	1708.88	1448.2	164.856	1426.43	1471.81	167.451
6.1	1452.67	1716.28	142.583	1737.61	1693.85	145.724	1713.48	1447.49	163.203	1433.55	1468.28	167.523
6.15	1454.45	1713.23	142.815	1739.38	1697.5	145.692	1721.82	1450.09	162.587	1440.96	1464.87	167.803
6.2	1456.3	1710.3	143.175	1741.1	1701.33	145.143	1730.34	1455.38	163.075	1448.48	1461.41	168.123
6.25	1457.96	1706.95	143.462	1743.41	1704.34	144.986	1738.23	1458.24	163.526	1456.46	1457.91	167.964
6.3	1459.78	1703.66	143.693	1745.12	1707.42	144.752	1745.44	1462.24	162.378	1463.68	1454.57	168.864
6.35	1461.65	1700.38	143.825	1747.06	1710.94	144.439	1753.02	1465.42	161.999	1471.35	1451.56	168.929
6.4	1463.82	1696.75	144.04	1748.74	1713.95	144.024	1759.59	1468.12	162.169	1479.22	1448.2	169.162
6.45	1465.66	1693.29	144.448	1750.57	1717.11	143.47	1767.99	1472.81	161.684	1486.94	1445.26	169.404
6.5	1467.67	1689.67	144.879	1751.8	1720.08	143.539	1774.87	1475.51	161.097	1494.98	1442.47	169.734
6.55	1469.92	1685.86	145.141	1753.92	1722.91	143.995	1782.2	1477.9	160.188	1502.55	1439.38	169.843
6.6	1471.93	1682.18	145.74	1754.67	1725.95	142.825	1788.66	1482.53	160.672	1510.59	1436.24	170.393
6.65	1474.39	1678.43	146.007	1755.75	1728.57	142.83	1797.74	1488.91	161.435	1518.55	1433.56	170.367
6.7	1476.56	1674.65	146.239	1756.81	1731.34	142.457	1802.73	1489.79	159.638	1526.83	1430.6	170.786
6.75	1479.24	1670.66	146.479	1757.89	1733.76	142.331	1809.34	1493.85	159.492	1534.73	1428.15	171.064
6.8	1481.67	1666.61	146.931	1759.03	1736.25	142.103	1815.12	1497.73	158.449	1542.94	1424.98	171.329
6.85	1484.34	1662.76	147.169	1759.85	1738.16	141.127	1821.97	1498.91	158.306	1551.35	1422.65	171.329
6.9	1487.07	1658.52	147.59	1760.05	1739.35	139.643	1828.75	1503.75	157.725	1559.79	1420.2	171.596
6.95	1489.73	1654.2	148.08	1761.05	1743.37	142.101	1833.39	1506.8	156.738	1568	1417.69	171.79
7	1492.64	1650.22	148.473	1762.33	1744.71	140.788	1840.55	1510.99	156.442	1576.26	1415.34	172.011
7.05	1495.73	1646	148.989	1762.48	1747.15	140.699	1846.32	1514.91	155.931	1584.7	1413.03	172.196
7.1	1498.54	1641.75	149.254	1763.55	1748.55	140.453	1852.31	1518.9	155.312	1593.45	1410.75	171.926
7.15	1501.78	1637.35	149.536	1763.88	1749.88	140.07	1857.04	1522.49	153.836	1601.5	1408.65	172.585
7.2	1504.83	1632.94	149.863	1764.7	1752.3	140.418	1863.31	1527.52	154.681	1610.01	1406.8	172.6
7.25	1508.39	1628.38	149.923	1765.07	1753.43	139.638	1868.98	1530.87	154.468	1618.63	1404.62	172.679
7.3	1511.52	1624.01	150.666	1765.92	1754.94	139.147	1874.96	1534.78	154.309	1626.98	1403.07	172.652
7.35	1514.92	1619.39	150.977	1766.45	1756.57	140.593	1880.27	1538.81	153.858	1635.68	1401.48	172.955
7.4	1518.51	1614.79	151.297	1766.58	1757.83	140.284	1885.51	1542.95	153.567	1644.08	1399.36	173.157
7.45	1521.86	1610.14	152.042	1766.18	1758.89	139.515	1890.72	1547.06	153.874	1652.55	1397.81	173.295
7.5	1525.77	1605.74	152.145	1766.49	1759.4	139.003	1897.24	1553.33	154.25	1661.03	1396.63	172.969
7.55	1529.4	1601.15	152.476	1766.59	1760.04	138.638	1900.05	1555.04	151.803	1670.01	1394.98	173.217
7.6	1533.46	1596.34	153.04	1766.51	1761.04	138.895	1904.74	1559.15	151.709	1678.51	1393.77	173.269
7.65	1537.5	1591.72	153.268	1766.84	1761.9	138.584	1909.85	1563.28	151.343	1687.21	1392.48	173.039
7.7	1541.48	1587.13	153.82	1766.62	1762.36	138.559	1913.63	1566.16	150.359	1695.88	1391.21	173.024
7.75	1545.74	1582.31	154.107	1766.09	1762.23	137.767	1918.44	1570.36	149.773	1704.66	1390.25	173.16
7.8	1549.89	1577.52	154.599	1766.53	1763.37	138.799	1922.38	1573.66	149.149	1713.41	1389.18	173.253
7.85	1554.34	1572.8	155.119	1766.66	1763.4	138.476	1926.5	1576.58	148.13	1722.13	1388.33	173.274
7.9	1558.91	1568.06	155.479	1766.31	1763.86	138.482	1931.18	1582.32	148.965	1730.86	1387.37	173.292
7.95	1563.29	1563.25	155.81	1766.48	1763.6	138.46	1935.47	1586.03	148.281	1739.47	1386.65	173.28
8	1567.98	1558.45	156.319	1766.13	1763.04	138.613	1938.98	1590.32	148.425	1748.26	1385.96	173.321
8.05	1572.75	1553.61	156.506	1766.39	1763.42	138.653	1942.19	1594.85	147.659	1757.01	1385.47	173.235
8.1	1577.74	1548.76	156.762	1765.99	1763.53	139.018	1946.24	1598.01	148.027	1765.76	1384.74	173.109
8.15	1582.49	1544.17	157.258	1766.38	1762.72	138.244	1950.31	1602.26	147.92	1774.35	1384.53	173.217
8.2	1587.42	1539.36	157.674	1765.91	1762.02	138.6	1953.73	1605.65	147.169	1783.29	1384.63	173.387
8.25	1592.59	1534.36	158.098	1766.11	1761.28	139.135	1957.02	1609.45	147.181	1791.71	1384.01	173.171
8.3	1597.6	1529.63	158.682	1765.6	1760.67	138.708	1960.23	1613.21	146.782	1800.33	1383.92	173.172
8.35	1603.07	1524.95	158.914	1765.47	1759.66	138.892	1964.7	1617.92	147.67	1808.88	1384.04	172.894
8.4	1608.26	1520.26	159.257	1765.27	1758.53	138.893	1966.8	1620.46	146.101	1817.6	1384.07	172.935
8.45	1613.98	1515.45	159.616	1765.03	1757.48	139.051	1969.7	1624.46	145.862	1826.19	1384.27	172.675
8.5	1619.54	1510.74	160.107	1764.66	1755.97	138.755	1972.45	1627.77	145.611	1834.62	1384.45	172.503
8.55	1625.24	1506.06	160.466	1764.48	1754.61	138.813	1975.56	1630.63	145.559	1843.11	1384.62	172.24
8.6	1630.99	1501.47	160.787	1764.5	1753.24	138.938	1977.93	1634.9	144.992	1851.74	1385.46	172.25
8.65	1636.85	1496.66	161.229	1764.39	1751.56	139.258	1980.18	1637.57	144.603	1860.27	1385.96	172.179
8.7	1642.88	1492.11	161.614	1764.14	1749.64	139.05	1982.63	1639.79	143.388	1868.73	1386.69	172.063
8.75	1648.95	1487.46	161.944	1764.05	1748.24	139.375	1985.22	1645.08	144.298	1877.08	1387.46	171.808
8.8	1655.02	1482.92	162.31	1764.28	1746.09	139.669	1987.74	1648.28	143.664	1885.17	1388.22	171.986
8.85	1661.27	1478.35	162.56	1764.13	1743.67	139.851	1989.99	1650.96	143.9	1893.88	1389.3	171.5
8.9	1667.67	1473.59	163.076	1764.35	1741.93	139.984	1990.87	1655.89	142.809	1902.16	1390.18	171.344
8.95	1674.04	1469.21	163.255	1764.39	1739.76	140.269	1993.81	1659.53	144.652	1910.45	1391.12	171.067
9	1680.48	1464.9	163.717	1764.71	1737.28	140.036	1996.16	1662.71	144.368	1918.8	1392.63	170.968
9.05	1687	1460.47	164.088	1764.81	1734.72	140.38	1997.93	1665.12	143.987	1927.71	1394.65	171.143
9.1	1693.68	1456.08	164.287	1764.98	1732.1	140.953	1999.66	1668.02	143.619	1935.11	1395.11	170.567
9.15	1700.29	1451.78	164.744	1765.03	1729.44	140.866	2001.08	1670.97	143.553	1943.25	1396.67	170.423
9.2	1707.11	1447.65	165.011	1765.19	1726.58	141.078	2003.1	1673.32	143.301	1951.15	1397.97	170.312
9.25	1713.93	1443.51	165.164	1765.59	1723.7	141.293	2004.75	1676.23	143.413	1959.14	1399.62	170.074
9.3	1720.95	1439.27	165.669	1765.92	1720.68	141.711	2005.63	1678.82	142.836	1967.1	1401.06	169.847
9.35	1728	1435.24	165.865	1766.42	1717.51	141.871	2006.92	1681.34	142.504	1974.85	1402.9	169.555
9.4	1735.16	1431.14	166.303	1766.89	1714.4	142.187	2008.64	1682.96	142.432	1982.57	1404.17	169.107
9.45	1742.24	1427.22	166.605	1767.48	1711.12	142.535	2009.35	1686.11	142.119	1990.49	1406.61	169.271
9.5	1749.59	1423.28	166.781	1768.07	1707.72	142.836	2010.64	1688.48	141.889	1998.15	1408.64	169.006
9.55	1756.96	1419.37	167.081	1768.72	1704.18	143.13	2011.13	1690.08	141.178	2005.84	1410.58	168.767
9.6	1764.38	1415.63	167.407	1769.3	1700.83	143.429	2012.22	1692.6	141.512	2013.66	1413.11	168.785
9.65	1771.8	1411.9	167.655	1770.26	1696.98	143.765	2013.02	1694.77	141.537	2020.35	1414.84	168.633
9.7	1779.41	1408.18	167.958	1770.98	1692.9	144.319	2013.24	1697.29	141.015	2028.32	1417.04	168.111
9.75	1786.98	1404.61	168.125	1772.02	1689.39	144.497	2014.22	1698.85	140.888	2035.62	1419.19	167.831
9.8	1794.63	1401.07	168.431	1773	1685.48	144.934	2015.28	1700.15	140.96	2042.98	1421.41	167.446
9.85	1802.43	1397.73	168.619	1774.24	1681.56	145.118	2015.94	1702.3	140.79	2050.32	1424.14	167.184
9.9	1810.22	1394.3	168.844	1775.3	1677.41	145.631	2016.52	1703.42	140.651	2057.52	1426.73	167.308
9.95	1818.08	1390.86	169.029	1776.53	1673.17	146.068	2016.97	1704.6	140.3	2064.29	1428.75	166.71
10	1825.94	1387.71	169.273	1777.82	1669.07	146.36	2017.23	1706.14	140.22	2071.42	1431.49	166.477
10.05	1833.9	1384.54	169.483	1779.15	1664.64	146.75	2018.06	1706.88	140.117	2078.28	1433.79	166.419
10.1	1841.96	1381.48	169.659	1780.62	1660.37	147.184	2018.51	1708.51	140.598	2084.97	1436.53	166.063
10.15	1850.04	1378.52	169.847	1782.16	1655.79	147.599	2018.37	1709.3	139.813	2091.76	1439.13	165.712
10.2	1858.19	1375.65	170.086	1783.79	1651.2	148.082	2018.63	1710.49	139.882	2098.43	1442.13	165.385
10.25	1866.36	1372.79	170.345	1785.51	1646.77	148.443	2019.42	1709.93	139.559	2104.83	1444.25	164.979
10.3	1874.53	1370.08	170.442	1787.45	1642.18	148.949	2018.99	1712.07	139.604	2111.38	1447.64	164.922
10.35	1882.83	1367.36	170.635	1789.25	1637.3	149.297	2019.31	1712.76	139.679	2117.66	1450.48	164.826
10.4	1891.13	1364.78	170.693	1791.26	1632.55	149.77	2019.04	1713.23	139.334	2124.05	1453.37	164.301
10.45	1899.48	1362.39	170.934	1793.2	1627.86	150.07	2019.01	1713.3	138.998	2130.07	1456.05	163.753
10.5	1907.87	1360.01	171.124	1795.66	1622.7	150.498	2019.11	1714.23	139.701	2135.91	1459.21	164.009
10.55	1916.33	1357.78	171.211	1797.79	1617.42	151.197	2019.01	1714.82	139.412	2142.39	1462.11	163.285
10.6	1924.67	1355.55	171.311	1800.21	1612.79	151.488	2018.33	1715.33	139.224	2148.35	1465.21	163.053
10.65	1933.04	1353.45	171.53	1802.71	1607.66	151.947	2019.29	1714.58	139.728	2154.24	1467.9	162.523
10.7	1941.74	1351.63	171.433	1805.28	1602.35	152.469	2019.36	1714.89	139.646	2160.04	1471.51	162.368
10.75	1950.21	1349.48	171.614	1807.99	1597.21	152.934	2019.17	1714.41	139.717	2165.68	1474.67	162.159
10.8	1958.82	1347.61	171.639	1810.71	1592.12	153.276	2019.19	1714.04	139.549	2171.18	1477.73	161.667
10.85	1967.36	1345.84	171.791	1813.65	1586.8	153.844	2018.89	1713.91	139.764	2176.79	1481.07	161.342
10.9	1975.98	1344.24	171.929	1816.68	1581.54	154.264	2019.03	1713	139.811	2182.15	1484.1	161.361
10.95	1984.67	1342.67	171.824	1819.8	1576.18	154.739	2018.7	1712.64	139.802	2187.41	1487.3	161.035
11	1993.28	1341.29	172.074	1822.96	1570.87	155.227	2018.57	1711.91	139.932	2192.65	1490.44	160.674
11.05	2001.99	1339.89	172.15	1826.27	1565.29	155.715	2018.46	1711.16	139.982	2197.67	1493.96	160.346
11.1	2010.6	1338.66	172.192	1829.78	1559.96	156.15	2018.71	1709.4	140.118	2202.58	1497.02	160.086
11.15	2019.28	1337.4	172.218	1833.38	1554.55	156.68	2018.16	1709.24	140.236	2207.41	1500.36	159.846
11.2	2027.92	1336.57	172.288	1836.92	1549.06	157.047	2018.25	1708.28	140.252	2212.05	1503.71	159.644
11.25	2036.49	1335.24	172.236	1840.67	1543.58	157.529	2017.82	1706.91	140.457	2216.8	1507.02	159.028
11.3	2045.12	1334.63	172.551	1844.51	1538.04	157.968	2017.72	1705.55	140.636	2221.39	1510.48	158.826
11.35	2053.73	1333.99	172.478	1848.54	1532.5	158.292	2017.58	1704.16	140.71	2225.61	1513.82	158.875
11.4	2062.51	1333.27	172.63	1852.53	1527.06	158.905	2017.48	1702.82	140.795	2230.44	1516.9	158.362
11.45	2071.11	1332.78	172.525	1856.66	1521.53	159.344	2017.1	1701.3	140.841	2234.69	1520.15	158.089
11.5	2079.44	1332.42	172.76	1860.93	1515.94	159.805	2017.4	1699.13	141.135	2238.95	1523.29	157.645
11.55	2088.53	1332.16	172.352	1865.29	1510.42	160.324	2017.48	1697.49	141.287	2243.03	1526.73	157.462
11.6	2097.15	1331.69	172.31	1869.84	1504.94	160.828	2017.41	1695.37	141.39	2246.98	1530.04	157.204
11.65	2105.74	1331.47	172.157	1874.14	1499.56	161.026	2017.45	1693.21	141.482	2250.81	1533.29	156.679
11.7	2114.32	1331.39	172.347	1879.07	1493.86	161.779	2017.31	1691.15	141.973	2254.72	1536.64	156.479
11.75	2122.91	1331.47	172.184	1883.93	1488.27	162.218	2017.65	1688.65	141.981	2258.46	1539.84	156.351
11.8	2131.59	1331.5	172.037	1888.82	1482.81	162.728	2017.64	1686.47	142.288	2262.15	1542.95	156.192
11.85	2140.06	1331.85	172.117	1893.78	1477.35	163.193	2017.87	1683.97	142.541	2265.66	1546.26	155.769
11.9	2148.7	1332.17	172.095	1898.86	1471.67	163.749	2018.08	1681.51	142.63	2269.24	1549.8	155.305
11.95	2156.99	1332.69	171.929	1904.2	1466.31	164.099	2018.64	1678.03	143.064	2272.43	1552.56	155.162
12	2165.6	1332.98	171.692	1909.68	1461	164.61	2018.63	1676.03	143.009	2275.63	1555.92	154.99
12.05	2173.9	1333.97	171.539	1914.96	1455.62	164.917	2019.07	1673.3	143.321	2278.59	1559.06	154.803
12.1	2182.15	1334.14	171.347	1920.6	1450.19	165.445	2019.25	1670.15	143.607	2281.61	1562.09	154.162
12.15	2190.46	1335.31	171.493	1926.2	1444.75	165.795	2019.61	1667.13	143.974	2284.62	1565.23	154.128
12.2	2198.56	1336.22	171.335	1932.11	1439.39	166.148	2019.98	1664.04	144.315	2287.22	1568.43	154.328
12.25	2206.9	1337.18	171.187	1937.84	1434.27	166.685	2020.52	1661.03	144.395	2290.35	1571.17	153.707
12.3	2215.01	1338.41	171.061	1943.74	1429.03	167.128	2021.01	1657.8	144.599	2292.99	1574.08	153.448
12.35	2222.64	1339.55	171.404	1949.78	1423.8	167.53	2021.73	1654.1	145.146	2295.58	1576.95	153.213
12.4	2231.4	1341.06	170.701	1955.92	1418.63	167.979	2022.63	1650.98	145.26	2298.13	1579.95	152.856
12.45	2239.32	1342.14	170.566	1962.19	1413.55	168.409	2023.2	1647.14	145.586	2300.31	1582.59	152.657
12.5	2247.4	1343.6	170.429	1968.29	1408.62	168.611	2024.1	1643.43	145.841	2302.67	1585.23	152.366
12.55	2255.24	1345.12	170.239	1974.93	1403.48	169.232	2024.89	1639.89	146.189	2304.93	1588.08	152.046
12.6	2263.15	1346.79	170.116	1981.65	1398.4	169.75	2026.01	1636.08	146.729	2306.9	1590.7	151.835
12.65	2271.05	1348.41	169.677	1988.14	1393.66	169.992	2026.81	1632.26	146.828	2309.39	1592.65	151.709
12.7	2278.76	1350.32	169.643	1994.8	1388.86	170.427	2028.06	1628.29	147.292	2311.01	1595.78	151.332
12.75	2286.56	1351.92	169.676	2001.5	1383.85	170.901	2029.25	1624.21	147.755	2312.96	1598.34	151.13
12.8	2294.04	1354.03	169.319	2008.56	1379.16	171.219	2030.7	1619.63	148.106	2314.73	1600.55	150.77
12.85	2301.7	1355.82	168.992	2015.51	1374.64	171.617	2031.77	1615.97	148.362	2316.39	1603.14	150.759
12.9	2309.19	1358.39	168.791	2022.59	1370.08	171.938	2033.2	1611.79	148.693	2317.96	1605.45	150.562
12.95	2316.52	1360.26	168.277	2029.8	1365.59	172.367	2034.71	1607.63	149.006	2319.51	1607.9	150.177
13	2323.7	1362.5	168.576	2037	1361.09	172.641	2036.25	1603.34	149.671	2320.97	1610.09	150.033
13.05	2330.92	1365.07	168.142	2044.31	1356.77	172.957	2037.8	1598.95	149.93	2322.04	1612.57	150.209
13.1	2338.2	1367.34	167.858	2051.77	1352.75	173.147	2039.58	1594.7	150.274	2323.79	1614.45	149.614
13.15	2345.09	1369.87	167.643	2059.1	1348.15	173.721	2041.2	1590.15	150.661	2325.02	1616.33	149.513
13.2	2351.91	1372.47	167.724	2066.49	1344.2	173.848	2043.25	1585.45	151.093	2326.22	1618.33	149.302
13.25	2359.22	1375.18	167.053	2074.16	1340.01	174.198	2045.22	1580.96	151.408	2327.41	1620.35	148.982
13.3	2366.08	1377.57	166.932	2081.88	1335.99	174.534	2047.16	1576.16	151.834	2328.3	1621.98	148.939
13.35	2372.76	1380.26	166.47	2089.65	1332.12	174.78	2049.38	1571.41	152.152	2329.34	1623.82	148.669
13.4	2379.48	1383.02	166.442	2097.49	1328.31	175.164	2051.45	1566.69	152.838	2330.37	1625.56	148.587
13.45	2385.99	1385.86	166.051	2105.72	1324.25	175.798	2053.95	1561.96	153.215	2331.11	1627.17	148.532
13.5	2392.6	1388.73	165.658	2113.33	1320.99	175.686	2056.15	1557.13	153.448	2332.21	1628.25	148.534
13.55	2398.86	1391.65	165.548	2121.25	1317.51	175.933	2058.84	1552.15	154.112	2332.63	1630.18	148.3
13.6	2405.46	1394.63	165.359	2129.41	1314.02	176.208	2061.56	1547.16	154.629	2333.37	1631.59	148.151
13.65	2411.42	1397.81	164.922	2137.47	1310.38	176.3	2064.08	1542.39	154.961	2333.92	1632.6	147.794
13.7	2417.7	1400.75	164.607	2145.66	1307.38	176.717	2067	1537.27	155.205	2334.34	1634.39	148.238
13.75	2423.77	1404.51	164.06	2153.89	1304.41	176.792	2069.86	1532.62	155.649	2334.6	1635.6	148.177
13.8	2429.6	1407.24	163.94	2162.28	1301.26	177.158	2072.85	1527.38	156.388	2335.32	1636.54	147.873
13.85	2435.41	1410.8	163.753	2170.64	1298.32	177.36	2076	1522.32	156.948	2335.58	1637.63	147.7
13.9	2441.01	1414.29	163.296	2178.68	1295.58	177.816	2078.98	1517.2	157.133	2336.22	1638.36	147.648
13.95	2446.64	1417.33	163.07	2187.53	1293.45	177.23	2082.42	1512.17	157.803	2336.56	1639.31	147.628
14	2452.16	1420.87	162.704	2196.07	1290.7	177.437	2085.52	1507.13	157.901	2336.84	1639.89	147.481
14.05	2457.33	1424.23	162.657	2204.51	1288.35	177.433	2089.13	1501.71	158.415	2337.16	1640.5	147.39
14.1	2462.98	1427.61	162.253	2213.17	1285.9	177.659	2092.79	1496.77	158.811	2337.47	1641.12	147.326
14.15	2468.1	1430.91	161.856	2221.77	1283.86	177.53	2096.3	1491.32	159.326	2337.59	1641.49	147.356
14.2	2473.25	1434.42	161.663	2230.54	1281.73	177.691	2100.19	1486	159.75	2337.68	1641.92	147.28
14.25	2478.35	1437.91	161.327	2239.64	1280.26	177.289	2103.73	1480.82	160.547	2337.95	1642.16	147.274
14.3	2483.13	1441.3	161.017	2248.25	1277.53	178.321	2108.01	1475.77	160.811	2338	1642.37	147.244
14.35	2487.86	1444.83	160.492	2256.49	1276.75	177.427	2111.68	1470.88	160.844	2338.4	1642.02	147.28
14.4	2492.61	1448.43	160.355	2265.43	1274.62	177.773	2116.15	1465.48	161.701	2338.14	1642.53	147.288
14.45	2497.39	1451.7	160.295	2274.14	1273.09	177.823	2120.67	1460.1	162.314	2338.11	1642.24	147.241
14.5	2501.72	1455.56	159.793	2282.82	1271.23	177.6	2124.71	1455.3	162.599	2338.19	1642.12	147.147
14.55	2506.03	1458.99	159.445	2291.61	1270.41	177.797	2129.25	1450.16	162.855	2338.24	1642.08	147.429
14.6	2510.31	1462.67	159.292	2300.48	1269.35	177.649	2133.89	1445.03	163.495	2338.02	1641.74	147.547
14.65	2514.52	1466.27	158.834	2309.44	1268.13	177.795	2138.35	1439.38	164.128	2338.13	1641.27	147.284
14.7	2518.55	1469.94	158.691	2318.19	1267.29	177.678	2143.09	1434.82	164.649	2337.92	1640.82	147.281
14.75	2522.29	1473.53	158.192	2326.27	1266.5	178.2	2147.66	1429.85	164.777	2338.08	1639.99	147.443
14.8	2526.22	1477.09	157.79	2335.89	1265.87	177.536	2152.85	1424.63	165.679	2338.04	1639.53	147.385
14.85	2529.84	1480.7	157.609	2344.51	1265.03	177.591	2157.66	1419.36	165.667	2337.92	1638.27	147.393
14.9	2533.59	1484.41	157.375	2353.53	1264.59	177.557	2162.41	1414.55	166.422	2337.99	1637.26	147.326
14.95	2537.11	1488.04	156.859	2362.27	1264.27	177.28	2168.22	1409.98	166.187	2337.85	1636.52	147.541
15	2540.48	1491.48	156.749	2371.07	1263.58	177.594	2173.34	1404.19	166.846	2337.81	1635.3	147.864
15.05	2543.84	1495.14	156.312	2379.98	1263.58	177.357	2178.7	1399.41	167.254	2337.65	1634.29	147.958
15.1	2547.13	1498.65	156.047	2389.31	1264	176.801	2184.09	1394.6	167.76	2337.6	1632.93	148.085
15.15	2550.02	1502.03	155.705	2397.77	1262.96	178.082	2189.58	1389.58	168.167	2337.57	1631.54	148.186
15.2	2552.97	1505.68	155.194	2406.01	1264.07	177.02	2195	1385.35	167.938	2337.72	1629.75	148.328
15.25	2555.87	1509	155.187	2414.79	1263.73	177.216	2201.09	1380.08	169.142	2337.34	1628.51	148.457
15.3	2558.99	1512.38	155.13	2423.48	1264.2	177.145	2207.56	1374.87	169.983	2337.38	1626.71	148.538
15.35	2561.38	1515.98	154.545	2431.95	1264.18	176.619	2212.91	1371	169.869	2337.43	1625.1	148.593
15.4	2563.95	1519.36	154.478	2440.62	1265.08	177.089	2218.92	1366.42	170.237	2337.54	1623.33	149.029
15.45	2566.23	1522.58	154.119	2449.21	1266	176.669	2225.29	1361.9	170.573	2337.44	1621.49	149.069
15.5	2568.92	1526.31	153.873	2457.87	1266.6	176.662	2231.59	1357.06	170.985	2337.54	1619.48	149.122
15.55	2571.11	1529.49	153.545	2466.13	1267.54	176.411	2237.74	1352.83	171.402	2337.52	1617.4	149.314
15.6	2573.18	1532.88	153.066	2474.25	1268.84	176.662	2243.79	1348.74	171.384	2337.79	1615.16	149.407
15.65	2575.28	1535.95	152.906	2483.11	1269.67	176.175	2250.63	1344.26	172.256	2337.9	1612.97	149.611
15.7	2577.22	1539.21	152.73	2491.4	1270.66	176.071	2256.93	1339.85	172.225	2338.03	1610.47	149.873
15.75	2579.17	1542.51	152.225	2499.67	1272.19	175.615	2263.07	1335.88	172.878	2338.27	1608.08	150.018
15.8	2580.96	1545.63	152.063	2508.19	1273.57	175.467	2270.47	1332.21	172.675	2338.52	1605.55	150.333
15.85	2582.53	1548.55	151.771	2515.98	1274.67	175.301	2276.99	1327.58	173.218	2338.83	1602.96	150.526
15.9	2584.07	1551.64	151.672	2524.38	1276.5	175.126	2283.79	1323.55	173.319	2339.14	1600.34	150.705
15.95	2585.75	1554.57	151.17	2532.65	1278.5	174.661	2290.6	1319.71	173.656	2339.51	1597.54	150.981
16	2587.06	1557.41	151.075	2540.84	1279.82	175.127	2297.48	1315.57	173.974	2339.93	1594.79	151.177
16.05	2588.04	1560.25	150.52	2548.36	1282.42	174.188	2304.33	1312.19	173.719	2340.3	1591.62	151.515
16.1	2589.55	1562.92	150.607	2556.39	1284.23	174.094	2311.6	1308.16	174.697	2340.75	1588.77	151.673
16.15	2590.76	1565.47	150.486	2563.94	1286.07	173.73	2319.52	1303.87	175.573	2341.31	1585.72	151.914
16.2	2591.66	1568.41	150.213	2571.4	1287.46	173.448	2326.08	1301.25	175.168	2341.91	1582.54	152.324
16.25	2592.66	1570.88	150.11	2579.36	1290.56	173.529	2333.17	1297.97	175.409	2342.6	1579.44	152.532
16.3	2593.15	1572.48	150.307	2586.93	1292.97	173.186	2340.85	1294.53	175.602	2343.23	1576.14	152.853
16.35	2594.4	1576.03	149.861	2594.44	1295.26	173.036	2348.25	1290.71	175.877	2344.01	1572.8	153.177
16.4	2595.19	1578.35	149.685	2601.83	1297.87	172.585	2355.55	1287.77	176.158	2344.82	1569.44	153.309
16.45	2595.81	1580.45	149.122	2608.7	1300.56	172.728	2362.49	1285.34	175.488	2345.62	1565.85	153.674
16.5	2596.22	1582.75	149	2616.43	1303.02	172.171	2370.43	1281.94	176.298	2346.59	1562.44	153.883
16.55	2596.56	1584.99	148.722	2623.46	1305.74	171.726	2377.95	1278.86	176.338	2347.55	1558.81	154.169
16.6	2597.28	1587.31	148.578	2630.58	1308.52	171.585	2385.04	1276.27	177.094	2348.69	1555.09	154.599
16.65	2597.48	1589.38	148.284	2637.9	1311.76	170.92	2393.85	1275.21	175.464	2349.68	1551.27	154.938
16.7	2597.62	1590.95	148.34	2644.3	1314.01	170.857	2401.33	1269.94	177.748	2351.04	1547.63	155.151
16.75	2597.75	1592.76	148.156	2651.43	1317.04	170.844	2409.22	1267.11	177.953	2352.21	1543.81	155.469
16.8	2598.23	1594.82	147.78	2658.43	1320.49	170.341	2416.81	1264.72	178.076	2353.63	1540	155.748
16.85	2598	1596.2	147.932	2664.69	1323.33	170.285	2424.41	1262.02	178.198	2354.98	1535.92	156.088
16.9	2598.03	1598.02	147.584	2671.43	1326.38	170.119	2432.27	1260	178.758	2356.41	1531.91	156.358
16.95	2598.05	1599.13	147.47	2677.66	1329.78	169.602	2439.97	1257.43	179.419	2357.9	1527.95	156.629
17	2597.78	1600.75	147.559	2684.03	1333.04	169.484	2448.54	1255.5	178.99	2359.57	1523.85	157.114
17.05	2597.66	1602.1	147.38	2690.35	1336.45	168.961	2456.37	1253.69	179.086	2361.24	1519.72	157.41
17.1	2597.36	1603.18	147.481	2696.4	1339.89	168.719	2464.44	1251.57	179.085	2363.01	1515.53	157.765
17.15	2596.45	1603.31	147.626	2702.33	1343.34	168.38	2472.36	1250.1	179.248	2364.82	1511.25	158.1
17.2	2596.82	1605.72	147.235	2708.35	1347.08	168.082	2480.22	1248.1	179.175	2366.79	1507.05	158.361
17.25	2596.41	1606.44	147.264	2714.04	1350.44	167.794	2488.16	1246.67	179.494	2368.7	1502.68	158.678
17.3	2596.07	1607.38	146.915	2719.59	1354.55	167.57	2496.55	1246.14	178.798	2370.79	1498.35	158.996
17.35	2595.45	1608.08	146.883	2725.26	1357.92	166.877	2504.79	1244.93	179.011	2372.99	1494.13	159.204
17.4	2594.92	1608.78	146.987	2730.86	1361.6	166.78	2512.74	1243.76	178.82	2375.25	1489.57	159.769
17.45	2594.69	1609.76	146.611	2736.15	1365.61	166.297	2520.22	1242.69	179.413	2377.56	1485.05	159.959
17.5	2593.86	1610.1	146.657	2741.6	1369.72	165.638	2528.98	1241.81	178.784	2379.82	1480.54	160.472
17.55	2593.07	1610.2	146.673	2746.35	1373.14	165.475	2536.85	1240.67	179.023	2382.31	1476.03	160.725
17.6	2592.47	1610.61	146.79	2751.49	1377.25	165.053	2545.1	1240.29	178.679	2384.87	1471.59	161.036
17.65	2591.97	1611	146.441	2756.32	1381.08	164.698	2553.11	1239.63	178.446	2387.45	1466.97	161.395
17.7	2591.16	1610.96	146.762	2761.03	1385.09	164.359	2560.87	1238.81	178.327	2390.26	1462.36	161.787
17.75	2590.22	1610.97	146.458	2765.75	1388.89	164.105	2569.57	1238.67	178.129	2392.97	1457.82	162.082
17.8	2589.58	1610.65	146.745	2770.1	1393.01	163.703	2579.25	1240.14	176.257	2395.89	1453.2	162.53
17.85	2588.74	1610.63	146.693	2774.3	1396.51	163.314	2585.59	1237.52	178.912	2398.92	1448.72	162.788
17.9	2588.03	1610.18	146.931	2778.86	1401.22	163.164	2593.49	1237.87	178.293	2401.86	1443.94	163.239
17.95	2587.05	1609.72	146.779	2782.9	1405.02	162.549	2601.6	1237.61	178.216	2405	1439.3	163.556
18	2585.78	1608.41	147.194	2786.97	1409.02	162.125	2609.51	1238.17	178.004	2408.19	1434.77	163.896
18.05	2585.46	1608.78	147.101	2790.82	1413	161.888	2617.25	1238.05	177.688	2411.52	1430.01	164.281
18.1	2584.69	1608.04	147.202	2794.44	1417.1	161.342	2624.96	1238.62	177.58	2414.92	1425.45	164.51
18.15	2583.73	1607.1	146.989	2797.75	1420.72	161.425	2633.15	1239.19	177.144	2418.41	1420.76	164.907
18.2	2582.98	1606.19	147.166	2801.53	1423.96	161.172	2642.17	1239.99	176.607	2422.08	1416.19	165.282
18.25	2581.88	1605.27	147.375	2805	1428.53	160.508	2647.72	1239.46	178.127	2425.75	1411.47	165.613
18.3	2581.42	1604.34	147.197	2808.26	1432.44	160.265	2655.73	1240.64	177.954	2429.5	1406.75	165.966
18.35	2580.34	1603.06	147.196	2811.69	1436.76	159.63	2664.5	1241.49	176.813	2433.22	1402.07	166.435
18.4	2579.41	1601.62	147.456	2814.36	1440.25	159.314	2672.58	1242.73	176.196	2437.21	1397.49	166.584
18.45	2578.55	1600.15	147.737	2817.41	1444.3	159.191	2680.56	1243.99	175.699	2441.15	1392.83	166.965
18.5	2577.9	1598.75	147.601	2820.15	1448.44	158.868	2687.95	1244.79	175.643	2445.18	1388.22	167.339
18.55	2576.92	1597.03	147.991	2822.86	1452.31	158.475	2695.09	1245.63	175.224	2449.52	1383.55	167.725
18.6	2575.96	1595.3	147.919	2825.55	1455.69	158.216	2703.27	1246.92	175.395	2453.7	1379.01	168.052
18.65	2575.32	1593.35	148.14	2827.54	1460.12	157.756	2712.06	1249.51	173.818	2458.03	1374.52	168.304
18.7	2574.43	1591.47	148.375	2829.99	1464.03	157.483	2718.06	1249.41	175.406	2462.48	1370.08	168.653
18.75	2573.72	1589.36	148.51	2832.12	1468.02	157.179	2725.34	1251.53	174.439	2466.89	1365.38	168.99
18.8	2573	1587.24	148.804	2834.33	1471.86	156.724	2732.81	1252.53	174.521	2471.48	1361	169.369
18.85	2571.94	1584.56	149.116	2836.15	1475.47	156.414	2739.71	1254.55	174.292	2476.01	1356.49	169.762
18.9	2571.68	1582.84	149.252	2838.07	1479.34	155.976	2746.9	1256.18	173.733	2480.73	1352.05	170.097
18.95	2570.9	1580.31	149.342	2839.35	1483.17	155.41	2753.56	1257.81	174.125	2485.58	1347.56	170.458
19	2570.28	1577.89	149.675	2841.49	1486.6	155.373	2760.53	1259.56	174.216	2490.43	1343.21	170.928
19.05	2569.7	1575.35	149.728	2843.04	1489.59	155.076	2767.78	1261.58	173.879	2495.54	1339.15	171.009
19.1	2569.16	1572.57	150.109	2844.38	1493.84	154.673	2774.69	1263.98	173.454	2500.5	1334.5	171.54
19.15	2568.64	1569.81	150.134	2845.74	1497.41	154.341	2780.33	1265.71	174.013	2505.59	1330.19	171.896
19.2	2568.19	1566.97	150.443	2847.36	1501.33	153.671	2788.61	1268.42	173.011	2510.71	1325.84	172.388
19.25	2567.63	1563.88	150.701	2848.06	1504.29	153.821	2794.73	1270.31	172.823	2515.94	1321.63	172.546
19.3	2567.42	1560.89	151.01	2849.04	1507.8	153.385	2801.69	1273.19	172.161	2521.28	1317.48	172.858
19.35	2566.94	1557.76	151.153	2849.61	1511.35	153.213	2808.3	1275.36	171.931	2526.62	1313.33	173.371
19.4	2566.74	1554.56	151.541	2850.66	1514.37	152.824	2814.53	1277.48	171.642	2532.5	1309.07	173.857
19.45	2566.44	1551.27	151.71	2851.54	1517.45	152.568	2821.41	1280.35	171.274	2537.81	1305.31	173.948
19.5	2566.29	1547.81	152.138	2851.83	1520.71	152.362	2828.2	1283.46	170.662	2543.4	1301.4	174.288
19.55	2566.14	1544.43	152.236	2852.38	1523.9	151.974	2833.78	1285.57	171.123	2549.16	1297.49	174.567
19.6	2566.13	1540.78	152.713	2852.75	1527.16	151.823	2839.67	1288.38	170.688	2554.86	1293.47	174.907
19.65	2566.02	1537.14	152.905	2853.31	1530.78	152.285	2845.62	1291.27	170.286	2560.6	1289.72	175.214
19.7	2566.17	1533.66	153.167	2853.3	1532.91	151.163	2851.57	1294.31	169.921	2566.44	1286.05	175.49
19.75	2566.09	1529.63	153.452	2853.06	1535.79	151.141	2857.27	1296.9	169.625	2572.38	1282.29	175.801
19.8	2566.33	1525.9	153.787	2852.56	1538.77	150.673	2862.95	1299.91	169.557	2578.5	1278.67	176.221
19.85	2566.52	1522.03	154.265	2853.04	1541.3	150.558	2868.76	1303.16	169.012	2584.5	1275.13	176.528
19.9	2566.93	1518.05	154.572	2852.69	1542.36	150.486	2874.33	1305.74	169.244	2590.77	1272.06	176.538
19.95	2567.22	1514.07	154.676	2852.53	1546.21	149.935	2879.72	1309.17	168.605	2596.8	1268.25	177.005
20	2567.72	1509.78	155.201	2852.3	1548.78	149.837	2884.71	1312.7	168.804	2602.99	1264.89	177.235
20.05	2568.21	1505.75	155.446	2852.57	1551.53	149.341	2890.26	1315.34	168.238	2609.17	1261.55	177.542
20.1	2568.89	1501.56	155.788	2851.39	1553.41	149.494	2895.4	1318.73	167.739	2615.51	1258.33	177.651
20.15	2569.49	1496.98	156.023	2850.64	1555.57	149.394	2900.38	1321.8	167.73	2621.78	1255.24	177.772
20.2	2570.24	1492.85	156.527	2850.01	1557.99	149.254	2905.53	1325.48	167.052	2628.18	1252.06	178.448
20.25	2571.06	1488.47	156.804	2849.26	1559.63	148.788	2909.95	1328.34	166.483	2635.18	1248.76	178.801
20.3	2571.95	1483.88	157.313	2848.34	1561.73	148.859	2915.01	1331.66	166.698	2641.36	1246.26	178.65
20.35	2572.89	1479.48	157.513	2847.33	1563.3	148.718	2919.6	1335.44	166.113	2648.38	1242.73	179.329
20.4	2574.03	1474.88	157.984	2846.64	1565.12	148.422	2924.01	1338.76	165.967	2654.8	1240.16	179.491
20.45	2575.15	1470.19	158.317	2845.48	1566.68	148.452	2928.64	1341.39	166.165	2661.44	1237.38	179.663
20.5	2576.48	1465.67	158.611	2844.66	1569.02	148.756	2932.61	1345.73	165.234	2668.24	1234.82	179.95
20.55	2577.8	1461.17	158.87	2842.29	1569.87	148.154	2936.94	1349.43	165.075	2674.85	1232.3	180.082
20.6	2579.06	1456.01	159.299	2842.08	1570.98	148.054	2941.07	1353.19	164.612	2681.67	1229.82	180.424
20.65	2580.6	1451.4	159.729	2840.43	1572.35	147.642	2944.9	1356.9	163.985	2688.36	1227.48	180.532
20.7	2582.07	1446.5	160.289	2839.38	1573.4	147.833	2949.09	1360.35	163.575	2695.09	1225.18	180.712
20.75	2583.79	1441.76	160.46	2837.62	1573.64	147.787	2952.21	1364.7	162.853	2702.16	1223.38	180.501
20.8	2585.56	1436.78	160.921	2836.6	1575.38	147.504	2956.04	1367.59	163.106	2708.85	1220.87	180.87
20.85	2587.23	1431.73	161.432	2834.9	1576.34	147.635	2959.22	1371.3	163.234	2715.62	1218.83	180.944
20.9	2589.4	1427.14	161.62	2834.51	1577.61	147.011	2962.81	1375.01	162.101	2722.49	1216.95	181.06
20.95	2591.29	1421.9	162.076	2831.83	1577.59	147.446	2966.15	1378.35	162.22	2729.39	1215.12	181.194
21	2593.54	1416.89	162.493	2830.36	1577.96	147.469	2969.32	1382.01	161.946	2736.31	1213.34	181.204
21.05	2595.67	1411.93	162.898	2828.82	1578.6	147.272	2972.46	1385.81	161.374	2743.17	1211.54	181.545
21.1	2597.95	1406.76	163.318	2827.12	1578.61	147.529	2975.22	1388.92	161.153	2750.4	1210.09	181.462
21.15	2600.32	1401.74	163.566	2825.14	1579.08	147.155	2978.26	1392.81	160.839	2757.34	1208.74	181.369
21.2	2602.8	1396.73	164.107	2823.57	1578.7	147.327	2980.81	1396.38	160.69	2764.56	1207.1	181.312
21.25	2605.48	1391.48	164.568	2821.71	1578.85	147.436	2983.53	1399.88	160.445	2771.11	1205.95	181.488
21.3	2608.24	1386.4	164.922	2820.1	1578.67	147.367	2986.22	1403.13	160.243	2778.2	1204.88	181.298
21.35	2610.85	1381.37	165.211	2818.18	1578.53	147.386	2988.36	1406.92	159.67	2785.22	1203.84	181.467
21.4	2614	1376.62	165.559	2816.12	1577.92	147.803	2990.67	1410.49	159.425	2792.17	1202.68	181.449
21.45	2616.74	1370.99	165.878	2814.66	1577.44	147.462	2992.85	1414.25	159.273	2799.09	1201.76	181.182
21.5	2619.85	1366.02	166.504	2812.42	1576.83	147.495	2994.88	1417.32	158.818	2806.11	1200.98	181.396
21.55	2622.82	1360.99	166.814	2810.79	1576.15	147.564	2996.9	1420.78	158.282	2813.08	1200.33	181.332
21.6	2626.19	1355.81	167.193	2808.63	1574.5	147.967	2998.52	1424.28	158.178	2820.31	1200.22	180.81
21.65	2629.48	1350.69	167.573	2807.04	1574.28	147.773	3000.01	1427.7	157.724	2826.95	1199.08	181.109
21.7	2632.89	1345.57	168.089	2805.3	1573.35	147.863	3001.85	1430.91	157.552	2833.88	1198.6	180.955
21.75	2636.48	1340.69	168.295	2803.86	1572.51	147.541	3003.33	1433.93	157.353	2840.75	1198.23	180.916
21.8	2640.2	1335.42	168.801	2801.59	1570.67	148.198	3004.85	1437.43	157.019	2847.73	1197.87	180.949
21.85	2643.88	1330.37	169.102	2799.7	1569.25	148.189	3006.06	1440.72	156.843	2854.68	1197.7	180.722
21.9	2647.64	1325.24	169.625	2797.85	1567.81	148.359	3007.3	1443.83	156.626	2860.54	1196.71	181.563
21.95	2651.52	1320.23	169.756	2795.79	1566	148.721	3008.54	1446.98	156.328	2867.97	1197.16	180.846
22	2655.57	1315.18	170.219	2793.9	1564.42	148.698	3009.39	1450.13	156.082	2874.82	1197.13	180.906
22.05	2659.48	1310.23	170.706	2792.28	1562.19	148.8	3010.21	1453.22	155.766	2881.71	1196.73	180.727
22.1	2664.01	1305.23	171.141	2790.61	1560.47	148.977	3011.11	1456.17	155.428	2888.25	1197.56	180.433
22.15	2668.11	1300.28	171.359	2788.65	1558.4	149.088	3011.89	1458.85	155.391	2894.81	1197.55	180.384
22.2	2672.61	1295.43	171.741	2787.19	1556.27	149.565	3012.5	1461.99	155.048	2901.9	1198.16	180.551
22.25	2677.16	1290.86	171.944	2785.11	1553.83	149.98	3013.08	1464.84	154.791	2909.19	1199.97	179.099
22.3	2681.54	1285.53	172.394	2783.64	1551.31	149.883	3013.45	1467.99	154.913	2915.42	1200.09	179.561
22.35	2686.13	1281.02	172.7	2781.74	1548.98	149.918	3013.8	1470.6	154.424	2921.48	1199.87	179.957
22.4	2690.82	1276.19	173.217	2780.41	1546.44	150.319	3014.24	1472.92	153.849	2928.02	1200.63	180.056
22.45	2695.65	1271.48	173.503	2778.39	1543.1	150.676	3014.02	1475.83	154.049	2935	1202.53	178.982
22.5	2700.62	1266.85	173.837	2777.31	1540.97	150.803	3013.6	1478.45	153.022	2940.92	1202.28	179.458
22.55	2705.28	1262.29	174.211	2775.7	1538.15	151.111	3014.14	1480.58	153.611	2947.52	1203.99	178.956
22.6	2710.73	1257.98	174.369	2774.98	1535.47	151.018	3014.04	1482.3	152.829	2954.29	1205.34	178.768
22.65	2715.78	1253.12	174.776	2772.95	1531.82	151.65	3014.2	1486.25	153.637	2960.34	1206.25	178.901
22.7	2720.93	1248.64	175.162	2771.53	1528.45	151.941	3013.99	1488.49	153.39	2966.6	1207.34	178.803
22.75	2726.14	1244.15	175.382	2770.16	1525.23	151.991	3013.43	1490.88	153.451	2972.27	1208.53	179.021
22.8	2731.61	1239.64	175.81	2768.97	1521.65	152.464	3013.23	1492.59	153.381	2978.79	1210.18	178.266
22.85	2737.07	1235.27	175.964	2767.69	1518.09	152.592	3012.69	1494.59	153.125	2984.91	1211.6	178.218
22.9	2742.45	1231.1	176.521	2767.2	1514.79	152.697	3011.87	1496.8	152.938	2991.41	1213.04	177.722
22.95	2748.24	1226.91	176.736	2765.78	1510.96	152.979	3011.25	1498.74	152.872	2997.1	1215.03	177.565
23	2753.99	1222.68	177.011	2764.55	1506.87	153.685	3011	1500.05	152.645	3002.94	1216.36	177.828
23.05	2759.76	1218.61	177.254	2763.58	1502.99	154.002	3009.76	1502.27	152.583	3008.81	1218.14	177.55
23.1	2765.52	1214.84	177.523	2762.47	1498.91	154.676	3008.98	1503.95	152.443	3014.67	1220.07	177.286
23.15	2771.27	1210.67	177.631	2761.8	1494.85	154.637	3008.02	1505.46	152.236	3020.14	1221.84	177.225
23.2	2777.27	1206.98	178.145	2761.07	1490.73	155.124	3007.06	1506.92	152.23	3025.66	1223.85	177.164
23.25	2783.18	1203.29	178.338	2760.43	1486.5	155.425	3005.7	1508.47	152.292	3031.44	1225.22	176.75
23.3	2789.21	1199.3	178.422	2759.86	1481.76	156.107	3004.83	1509.6	151.895	3036.89	1227.39	176.502
23.35	2795.33	1195.85	178.817	2759.39	1477.73	156.224	3003.57	1510.75	151.736	3042.68	1229.85	175.983
23.4	2801.44	1192.36	179.175	2759.05	1473.34	156.665	3002.6	1511.87	151.636	3047.93	1231.41	175.902
23.45	2807.93	1189.05	179.131	2758.9	1468.82	156.919	3001.32	1512.79	151.748	3053.32	1234.13	175.747
23.5	2814.2	1185.28	179.533	2758.48	1464.11	157.446	3000.03	1513.77	151.521	3058.71	1236.69	175.586
23.55	2820.38	1182	179.666	2758.14	1459.39	157.636	2998.8	1514.49	151.384	3063.59	1238.81	175.17
23.6	2826.85	1178.76	179.977	2758.16	1454.61	158.153	2997.39	1515.43	151.477	3067.85	1241.02	175.552
23.65	2833.2	1175.63	179.993	2758.13	1449.68	158.586	2995.83	1515.84	151.297	3073.33	1243.92	174.398
23.7	2839.93	1172.44	180.297	2758.24	1444.76	159.015	2994.22	1516.4	151.294	3078.29	1246.03	174.68
23.75	2845.99	1169.48	180.636	2758.24	1439.72	159.314	2992.77	1516.78	151.311	3083.02	1248.7	174.254
23.8	2852.97	1166.6	180.639	2758.65	1434.79	159.727	2991.31	1517.16	151.205	3087.76	1251.25	173.963
23.85	2859.56	1163.67	180.821	2758.91	1429.54	160.163	2989.89	1517.14	151.305	3092.4	1253.86	173.916
23.9	2866.34	1160.8	180.861	2759.34	1424.49	160.608	2988.15	1517.39	151.404	3096.96	1256.44	173.492
23.95	2872.66	1158.38	180.957	2759.7	1419.32	160.989	2986.58	1517.41	151.356	3101.79	1259.42	172.816
24	2879.52	1155.71	181.047	2760.5	1414.03	161.52	2984.83	1517.27	151.385	3105.52	1261.85	173.129
24.05	2886.29	1153.5	181.121	2761.02	1408.79	161.719	2982.97	1517.2	151.077	3109.82	1264.56	172.873
24.1	2893.18	1151.07	181.303	2761.97	1403.37	162.469	2981.19	1516.85	151.377	3113.81	1267.3	172.516
24.15	2899.68	1148.88	181.296	2762.74	1397.88	162.716	2979.46	1516.5	151.299	3117.85	1270.14	172.272
24.2	2906.63	1146.68	181.497	2763.96	1392.59	163.236	2978.07	1515.93	151.517	3122.02	1273.14	172.002
24.25	2913.34	1144.71	181.878	2765.01	1387.05	163.696	2976.13	1515.28	151.627	3125.72	1275.14	171.757
24.3	2920.6	1143.04	181.519	2766.22	1381.57	164.076	2974.37	1514.55	151.64	3129.61	1278.92	171.554
24.35	2927.2	1140.69	181.642	2767.39	1376.01	164.352	2972.65	1513.83	151.696	3133.31	1281.84	171.343
24.4	2934.08	1138.74	182.022	2768.92	1370.35	165.039	2970.7	1512.95	151.856	3136.75	1284.53	171.18
24.45	2941.02	1137.19	181.825	2770.3	1364.85	165.36	2969	1512.06	151.539	3139.11	1287.64	171.033
24.5	2947.97	1135.48	182.209	2772.08	1359.11	166.002	2966.9	1510.82	151.754	3143.44	1290.65	170.207
24.55	2954.88	1133.94	182.004	2773.71	1353.49	166.334	2965.12	1509.57	151.984	3146.73	1293.44	170.361
24.6	2961.42	1132.45	182.575	2775.69	1347.74	166.94	2963.59	1508.28	152.028	3150.04	1296.05	169.562
24.65	2968.67	1131.29	182.264	2777.85	1342.39	167.221	2961.71	1506.7	152.349	3153.09	1299.06	169.414
24.7	2975.86	1129.85	182.544	2779.67	1336.14	167.829	2959.99	1505.19	152.407	3156.06	1302.05	169.15
24.75	2983	1128.31	182.079	2781.76	1330.62	168.209	2958.18	1503.56	152.451	3159.15	1305.19	168.651
24.8	2989.5	1127.97	182.454	2784.08	1324.83	168.877	2956.3	1501.84	152.805	3162.35	1308.38	167.952
24.85	2996.62	1126.31	181.878	2786.44	1319.09	169.372	2954.53	1500.08	152.767	3164.35	1311.26	168.296
24.9	3003.98	1125.71	182.382	2788.99	1313.25	169.95	2952.61	1497.87	152.635	3166.99	1314.23	168.095
24.95	3010.75	1125.06	182.064	2791.27	1307.61	170.456	2950.94	1496	153.326	3169.51	1317.05	167.835
25	3017.62	1124.48	182.226	2794.29	1301.78	170.907	2949.49	1493.84	153.265	3171.91	1320.29	167.451
25.05	3024.8	1123.71	182.24	2797.14	1296.04	171.382	2947.9	1491.6	153.901	3174.3	1323.17	167.242
25.1	3031.44	1123.38	182.414	2800.02	1290.33	171.849	2946.09	1489.22	153.806	3176.34	1326.13	167.186
25.15	3038.28	1123.68	182.1	2802.96	1284.51	172.381	2944.53	1486.78	153.825	3178.69	1329.59	166.543
25.2	3045.25	1122.61	182.307	2806.18	1278.75	172.782	2942.87	1484.23	154.228	3180.46	1331.93	166.413
25.25	3051.89	1122.38	182.052	2809.44	1273.05	173.267	2941.2	1481.64	154.109	3182.44	1335.12	166.282
25.3	3058.94	1122.44	182.286	2812.6	1267.37	174	2939.69	1478.9	154.419	3183.42	1338.12	166.649
25.35	3065.54	1122.6	182.122	2816.45	1261.5	174.456	2938.07	1475.97	154.662	3186	1340.85	165.865
25.4	3072.58	1122.49	182.177	2819.89	1256.01	174.745	2936.93	1473.1	154.991	3187.92	1343.16	165.966
25.45	3078.56	1122.68	182.657	2823.7	1250.25	175.214	2935.47	1469.95	155.326	3189.19	1346.56	165.383
25.5	3085.88	1123.26	182.108	2827.64	1245.2	175.391	2934.07	1466.81	155.361	3190.67	1349.51	165.146
25.55	3092.61	1123.56	182.251	2831.07	1239.08	175.888	2932.47	1464.11	155.658	3192.04	1352.48	164.895
25.6	3099.2	1124.06	182.203	2835.16	1233.68	176.406	2931.43	1460.22	155.997	3193.4	1354.98	164.605
25.65	3105.6	1124.8	181.714	2839.16	1228.26	176.859	2930.14	1456.89	155.977	3194.89	1358.15	163.723
25.7	3112.32	1125.01	181.84	2843.42	1222.65	177.377	2928.97	1453.36	156.439	3195.4	1360.63	164.118
25.75	3119.11	1126.61	181.841	2847.58	1217.26	177.726	2927.88	1449.82	156.704	3196.42	1363.09	164.077
25.8	3125.71	1127.26	181.747	2851.85	1211.88	178.418	2926.9	1446.16	156.994	3197.42	1365.94	163.668
25.85	3131.69	1128.12	181.833	2856.59	1206.73	178.507	2925.94	1442.38	157.383	3198.16	1368.36	163.557
25.9	3138.24	1129.1	181.829	2861.14	1201.19	179.05	2925.11	1438.65	157.837	3198.98	1371.02	163.229
25.95	3144.04	1130.49	181.376	2865.63	1196	179.318	2924.15	1434.74	157.973	3199.45	1373.53	163.182
26	3150.69	1132.08	181.109	2870.52	1190.66	179.854	2923.21	1430.71	158.306	3201.25	1377.38	161.529
26.05	3156.62	1132.89	180.945	2875.2	1185.56	180.066	2922.34	1426.74	158.565	3200.82	1378.02	162.234
26.1	3162.74	1133.87	181.063	2880.36	1180.25	180.691	2921.72	1422.66	158.921	3201.26	1380.52	162.372
26.15	3168.61	1135.77	180.691	2884.65	1175.25	181.499	2921	1418.37	159.292	3200.95	1382.92	162.582
26.2	3174.77	1137.26	180.741	2890.78	1170.03	181.95	2920.71	1414.18	159.593	3201.77	1384.83	161.745
26.25	3180.64	1138.79	180.532	2895.69	1165.34	181.844	2920.3	1409.78	159.978	3202.49	1386.43	161.425
26.3	3185.99	1140.49	180.748	2901.41	1160.04	182.265	2919.9	1405.43	160.363	3202.29	1388.67	161.348
26.35	3192.04	1142.46	179.977	2906.6	1156.17	182.043	2919.52	1401.09	160.51	3202.33	1390.85	161.118
26.4	3197.91	1144.16	180.111	2911.71	1150.64	182.606	2919.42	1396.46	161.078	3202.29	1392.59	160.834
26.45	3203.35	1146.26	179.658	2917.33	1146.35	183.024	2919.35	1391.81	161.183	3202.22	1394.67	160.647
26.5	3209.03	1148.07	179.622	2922.94	1141.77	183.549	2918.83	1387.24	161.722	3201.76	1396.64	160.645
26.55	3214.26	1150.21	179.111	2928.57	1137.37	183.75	2918.99	1382.67	161.999	3201.45	1398.46	160.48
26.6	3220.06	1152.43	179.35	2934.43	1132.92	184.369	2918.81	1377.52	162.662	3201.23	1400.12	160.448
26.65	3225.2	1154.58	179.057	2939.96	1128.65	184.849	2919.52	1372.98	162.918	3200.7	1401.9	160.229
26.7	3230.41	1156.93	178.861	2946.45	1124.84	184.54	2919.68	1368.1	163.411	3200.28	1402.78	160.311
26.75	3235.32	1159.38	178.437	2952.19	1120.27	185.001	2920.07	1363.23	163.95	3199.69	1405.01	159.884
26.8	3240.62	1161.51	178.269	2958.21	1116.02	185.61	2920.37	1358.24	164.188	3198.94	1406.55	159.822
26.85	3245.37	1164.4	177.864	2964.25	1112.19	185.74	2920.91	1353.36	164.383	3198.6	1408.34	159.299
26.9	3250.37	1166.57	177.977	2970.93	1108.74	186.068	2921.43	1348.19	164.941	3197.37	1409.3	159.558
26.95	3255.05	1169.12	177.354	2977.85	1103.73	186.088	2922.18	1343.28	165.417	3196.56	1410.61	159.449
27	3259.88	1171.82	177.572	2983.93	1100.43	186.694	2922.98	1337.7	166.028	3194.74	1412.59	159.869
27.05	3264.53	1174.75	177.338	2990.86	1096.67	186.677	2924.03	1332.78	166.33	3194.8	1412.91	159.307
27.1	3269.03	1177.45	177.129	2997.01	1092.69	187.313	2925.13	1327.48	166.632	3193.82	1413.88	159.216
27.15	3273.07	1180.33	176.859	3003.35	1089.34	187.269	2926.1	1322.24	167.181	3192.91	1414.73	159.039
27.2	3277.61	1183.29	176.405	3010.08	1085.69	187.714	2927.18	1317.19	167.288	3191.82	1415.7	158.931
27.25	3281.8	1186.55	176.085	3016.38	1082.2	187.458	2928.5	1312.14	167.558	3190.6	1416.4	158.694
27.3	3286.15	1189.01	176.31	3023.83	1078.99	188.565	2930.07	1306.6	168.038	3189.42	1417.27	158.853
27.35	3290	1192.28	175.51	3029.95	1076.25	188.242	2931.29	1301.37	168.467	3187.89	1418.01	158.939
27.4	3294.15	1195.25	175.749	3036.96	1073.01	188.802	2933.05	1295.58	169.082	3186.75	1418.52	158.829
27.45	3298	1198.07	175.372	3043.81	1070	189.073	2934.76	1290.44	169.67	3185.3	1419.07	158.803
27.5	3301.6	1201.17	175.176	3050.67	1067.1	189.255	2936.67	1285.23	169.716	3184.09	1419.39	158.752
27.55	3305.14	1204.35	174.774	3057.96	1066.19	188.076	2938.31	1279.67	170.404	3182.82	1418.73	159.048
27.6	3308.82	1207.39	174.576	3065.04	1063.23	188.431	2940.42	1274.34	170.98	3181.4	1419.82	158.704
27.65	3312.29	1210.42	173.973	3071.88	1060.34	189.106	2942.32	1269.18	170.963	3179.78	1419.95	158.663
27.7	3315.47	1213.6	174.108	3078.95	1058.24	189.298	2944.82	1264.09	170.748	3179.82	1419.81	157.527
27.75	3318.61	1217.05	173.568	3086.6	1056.97	189.456	2946.77	1258.04	171.707	3176.34	1420.28	159.166
27.8	3321.96	1219.88	173.341	3093.05	1053.94	189.618	2949.23	1252.56	172.454	3174.46	1420.5	159.279
27.85	3324.74	1223.36	173.274	3099	1051.25	190.936	2951.16	1246.69	173.217	3172.83	1420.56	159.323
27.9	3327.75	1226.95	172.948	3106.75	1052.97	186.596	2954.1	1241.8	173.121	3171.5	1419.56	158.998
27.95	3330.28	1230.09	172.502	3114.26	1048.84	189.486	2956.9	1236.26	173.496	3169.77	1419.43	159.36
28	3333.05	1233.47	172.366	3121.52	1046.77	189.984	2959.46	1230.81	174.147	3167.7	1419.07	159.715
28.05	3335.63	1236.79	171.817	3128.36	1045.57	189.431	2962.27	1225.8	174.151	3166.79	1418.03	159.375
28.1	3338.15	1240.2	171.806	3135.61	1043.32	189.751	2965.25	1220.3	174.632	3164.87	1417.54	159.435
28.15	3340.47	1243.35	171.323	3142.86	1042.9	189.772	2968.76	1214.61	174.968	3163.03	1417.1	159.675
28.2	3342.92	1246.59	171.2	3149.96	1041.33	190.411	2971.54	1209.6	175.706	3161.58	1415.78	159.457
28.25	3345.03	1250.27	171.218	3157.18	1040.4	190.309	2974.82	1204.17	176.122	3159.9	1414.82	159.536
28.3	3347.19	1253.13	170.575	3164.31	1039.48	190.234	2978.12	1199.05	176.624	3157.92	1413.94	159.496
28.35	3348.85	1256.46	170.318	3171.33	1038.53	189.893	2981.59	1193.82	177.209	3156.47	1412.71	159.731
28.4	3350.93	1259.67	170.033	3178.51	1037.92	190.482	2985.01	1188.75	177.505	3154.51	1411.08	160.093
28.45	3352.53	1263.1	169.53	3185.54	1037.45	190.099	2988.4	1184.01	177.991	3152.9	1410.33	159.771
28.5	3354.7	1265.78	169.205	3192.66	1036.24	190.372	2991.75	1178.88	178.504	3151.2	1408.92	159.869
28.55	3355.64	1269.48	169.096	3199.53	1036.41	190.295	2996.28	1174.18	178.119	3149.7	1407.58	159.888
28.6	3357.33	1272.93	168.922	3207.73	1037.12	191.197	3000.05	1168.24	179.198	3148.08	1405.87	160.365
28.65	3358.65	1276.03	168.58	3213.65	1035.9	190.544	3003.97	1163.28	179.789	3146.3	1404.11	160.469
28.7	3359.85	1279.36	168.414	3219.98	1035.51	190.929	3008.34	1157.05	180.379	3144.59	1402.45	160.478
28.75	3360.78	1282.62	167.997	3227.21	1036.84	189.164	3012.76	1152.88	180.412	3142.99	1400.55	160.704
28.8	3361.84	1285.78	167.899	3234.46	1035.87	190.725	3017.13	1147.51	180.642	3141.32	1398.61	160.875
28.85	3362.74	1288.98	167.386	3241.27	1036.2	190.311	3020.98	1142.83	181.139	3139.49	1396.66	160.911
28.9	3363.68	1292.08	167.377	3247.99	1036.16	190.391	3025.47	1138.37	181.085	3137.97	1394.54	161.035
28.95	3364.13	1295.34	166.86	3254.5	1036.2	190.038	3030.09	1133.5	181.747	3136.37	1392.38	161.181
29	3365.02	1298.24	166.869	3262.32	1037.65	189.875	3035.12	1128.53	182.277	3135.04	1390.08	161.682
29.05	3365.48	1301.28	166.641	3268.53	1037.95	190.52	3039.6	1123.67	182.66	3133.44	1387.65	161.798
29.1	3365.98	1304.47	166.53	3275.23	1039.08	190.268	3044.42	1118.66	182.902	3131.98	1385.15	162.019
29.15	3366.06	1307.26	165.963	3281.75	1040.01	189.963	3049.19	1114.33	183.613	3130.34	1382.71	162.065
29.2	3366.33	1310.04	165.946	3288.71	1040.27	189.85	3054.61	1109.29	184.83	3129.04	1379.97	162.458
29.25	3366.5	1312.93	165.541	3294.89	1042.3	189.756	3059.02	1105.61	184.39	3127.48	1377.21	162.565
29.3	3366.6	1315.74	165.435	3301.52	1043.04	189.819	3064.05	1101.29	184.674	3126.12	1374.66	162.692
29.35	3366.61	1318.34	164.975	3308.97	1045.83	190.893	3068.96	1096.95	185.101	3124.84	1371.9	163.05
29.4	3366.4	1321.06	164.903	3315.03	1046.67	190.341	3074.85	1092.74	185.666	3123.86	1368.97	163.284
29.45	3366.15	1323.9	164.768	3321.32	1047.99	190.259	3080.03	1088.27	185.998	3122.48	1365.81	163.676
29.5	3365.88	1326.5	164.53	3327.46	1049.86	190.156	3085.52	1083.78	186.375	3121.23	1362.71	163.842
29.55	3365.33	1328.98	164.278	3332.77	1051.09	190.178	3090.74	1080.21	186.777	3120.06	1359.59	164.085
29.6	3364.87	1331.42	164.057	3339.34	1053.92	188.984	3096.77	1076.63	187.472	3118.96	1356.28	164.381
29.65	3364.18	1333.98	163.888	3345.91	1054.61	189.804	3101.57	1072.64	187.116	3117.8	1353.03	164.527
29.7	3363.66	1336.22	163.747	3351.75	1057.04	189.547	3106.67	1068.84	187.906	3116.74	1349.65	164.77
29.75	3362.79	1338.54	163.457	3357.47	1058.91	189.372	3112.52	1065.57	187.304	3115.89	1346.25	165.015
29.8	3362.08	1340.89	163.294	3363.55	1062.04	189.621	3118.22	1062.23	187.607	3115.02	1342.45	165.468
29.85	3361.2	1342.95	163.196	3368.95	1064.01	188.294	3124.26	1058.2	188.278	3114.23	1339	165.811
29.9	3360.25	1345.09	163.107	3374.49	1066.23	188.202	3129.84	1054.81	188.226	3113.44	1335.36	166.051
29.95	3359.14	1347.29	163.049	3379.92	1068.57	188.074	3135.71	1051.03	188.426	3112.7	1331.59	166.371
30	3358.14	1348.86	162.671	3385.2	1071.19	187.491	3142.38	1048.11	188.828	3111.99	1327.79	166.691
30.05	3356.55	1350.99	162.659	3391.17	1072.57	187.368	3147.71	1045.12	189.243	3111.25	1324.04	166.957
30.1	3355.56	1352.68	162.456	3395.98	1076.14	187.355	3153.59	1042.16	189.489	3110.74	1320.04	167.28
30.15	3353.95	1354.43	162.138	3401.1	1078.96	187.185	3159.64	1039.11	189.796	3110.27	1316.12	167.557
30.2	3352.92	1355.92	162.056	3406.24	1081.73	186.906	3165.72	1036.04	190.266	3109.95	1312.09	168.07
30.25	3351.21	1357.44	161.998	3411.18	1084.4	186.768	3172.19	1033.47	190.577	3109.7	1307.95	168.328
30.3	3349.76	1359.07	161.947	3416.21	1087.58	186.643	3178.24	1030.54	190.682	3109.37	1303.8	168.701