1.65	1154.89	746.432	234.68	920.167	438.651	249.619	0	0	0	0	0	0
1.7	873.061	673.717	226.993	1154.87	755.708	226.168	1213.79	509.11	235.892	936.203	431.805	247.933
1.75	872.193	667.12	227.038	1148.16	758.292	223.244	1220.54	519.171	235.719	948.717	428.658	248.227
1.8	871.825	659.858	227.781	1142.83	766.042	222.695	1228.03	531.098	234.917	961.939	425.715	248.415
1.85	872.187	652.227	228.043	1136.97	773.37	222.157	1234.76	543.575	233.806	975.028	423.396	248.332
1.9	872.987	644.349	228.704	1131	779.901	221.617	1241.18	557.161	233.673	988.55	421.697	248.408
1.95	874.407	636.342	229.288	1124.56	786.197	221.089	1246.95	569.221	232.565	1002.08	420.202	248.301
2	876.281	628.14	229.741	1118.28	791.468	220.685	1251.99	582.942	232.129	1015.91	419.364	248.402
2.05	878.777	619.848	230.519	1111.48	796.288	220.333	1256.56	594.707	230.889	1029.71	419.183	248.236
2.1	881.919	610.981	231.009	1104.62	800.468	220.07	1260.55	608.256	230.095	1043.61	419.343	248.138
2.15	885.405	602.92	231.502	1097.68	803.968	219.613	1263.45	619.177	229.056	1057.82	419.714	247.889
2.2	889.558	594.394	232.238	1090.53	806.854	219.779	1265.38	630.643	227.975	1071.72	421.206	247.849
2.25	894.313	585.884	232.727	1083.53	809.101	219.463	1268.49	643.553	227.052	1086.04	423.013	247.61
2.3	899.617	577.19	233.402	1076.63	810.616	219.461	1269.85	655.606	226.22	1099.96	425.361	247.344
2.35	905.605	568.906	233.928	1069.32	811.578	219.179	1270.61	667.531	225.335	1114.88	429.583	244.506
2.4	912.062	560.589	234.542	1062.51	811.833	219.407	1271.12	679.199	224.172	1128.64	431.036	247.541
2.45	918.941	552.473	235.126	1055.29	812.009	218.955	1270.77	690.497	223.146	1141.67	435.553	246.307
2.5	926.673	544.255	235.735	1048.97	810.011	218.888	1270.29	701.596	222.195	1153.72	440.654	246.351
2.55	934.93	536.307	236.348	1041.98	808.715	219.414	1269.1	712.482	221.509	1168.77	444.836	245.428
2.6	943.678	528.235	237.257	1035.48	806.496	219.534	1267.42	722.562	220.837	1181.8	449.755	244.892
2.65	951.789	521.884	237.999	1029.38	803.644	219.671	1265.08	732.989	219.651	1194.91	456.258	244.453
2.7	962.317	514.001	237.854	1023.34	800.198	220.228	1262.31	743.044	218.912	1207.63	462.719	243.963
2.75	972.596	506.087	238.369	1017.78	795.679	220.268	1259.42	751.885	218.226	1220.76	470.035	243.482
2.8	983.213	500.178	238.963	1012.26	792.105	220.366	1255.44	760.619	217.184	1232.61	476.963	242.508
2.85	994.48	493.782	239.226	1007.75	786.282	221.103	1252.1	768.872	216.306	1244.38	484.736	242.104
2.9	1006.02	488.491	239.899	1003.17	780.556	221.583	1247.46	777.436	216.114	1255.88	492.91	241.274
2.95	1018.45	481.826	240.176	999.2	774.505	221.816	1242.96	784.707	215.504	1267.02	501.6	240.485
3	1030.04	477.297	240.584	995.471	767.705	222.349	1236.93	792.529	216.247	1277.64	509.949	239.651
3.05	1042.75	473.393	240.726	992.354	760.74	223.003	1232.13	798.41	214.938	1288.12	519.894	239.112
3.1	1055.74	468.487	241.074	989.668	753.15	223.533	1226.71	804.374	214.78	1298.05	529.481	238.445
3.15	1069.04	464.425	241.148	987.693	745.344	224.372	1220.91	809.623	214.427	1307.39	539.428	237.807
3.2	1082.62	461.669	240.656	985.842	737.502	224.608	1214.8	814.375	214.392	1316.4	549.682	236.994
3.25	1096.59	458.797	241.375	985.235	728.752	225.505	1209.07	818.393	213.676	1324.97	560.148	236.387
3.3	1110.19	456.784	241.272	984.377	719.954	225.939	1203.05	821.953	213.439	1333.05	570.919	235.582
3.35	1124.88	455.255	241.609	984.708	710.567	226.441	1196.77	824.971	212.987	1340.67	581.397	234.797
3.4	1139.18	453.855	241.635	985.284	701.211	227.403	1190.68	826.717	212.261	1347.59	592.248	234.031
3.45	1154.15	452.759	242.222	986.752	691.762	227.875	1184.13	829.03	212.788	1354.45	604.059	233.309
3.5	1166.5	455.199	242.885	988.444	682.344	228.245	1177.95	830.091	212.591	1360.19	614.292	232.198
3.55	1183.15	454.195	241.31	991.246	672.44	229.023	1171.58	830.843	212.731	1365.66	625.427	231.374
3.6	1197.84	454.384	241.137	994.725	662.568	229.883	1165.19	830.784	212.58	1370.36	636.262	230.241
3.65	1212.49	456.83	241.34	998.67	652.157	230.502	1159.12	830.015	212.864	1375	647.757	229.757
3.7	1227.82	459.09	240.307	1003.19	642.071	231.276	1153.23	828.767	212.759	1378.37	659.097	229.366
3.75	1241.83	462.808	240.995	1008.53	631.569	231.855	1147.76	827.069	212.73	1382.3	669.377	227.55
3.8	1257.45	464.382	240.675	1014.31	622.177	232.774	1141.81	825.069	213.148	1385.13	680.464	226.92
3.85	1270.83	469.592	240.126	1020.95	611.755	233.189	1136.66	821.78	213.394	1387.45	691.407	226.03
3.9	1285.26	474.497	239.681	1027.96	602.483	234.159	1131.48	818.168	213.544	1389.55	702.342	225.07
3.95	1299.19	479.502	239.41	1035.8	593.146	234.547	1126.95	814.519	214.132	1390.51	712.882	224.426
4	1312.99	484.688	238.837	1044.05	583.812	235.27	1122.31	810.386	214.719	1391.73	722.999	223.459
4.05	1326.98	491.809	238.247	1053.31	575.063	235.373	1117.92	805.128	215.268	1391.93	733.521	222.513
4.1	1340.11	498.421	238.027	1062.79	565.719	236.617	1114.7	799.718	215.172	1391.63	743.378	222.01
4.15	1352.79	506.012	237.547	1072.7	557.463	237.128	1111.66	794.013	215.923	1391	753.211	221.258
4.2	1366.42	513.57	237.468	1081.66	550.249	238.346	1108.43	787.845	216.131	1390.93	761.19	220.227
4.25	1378.46	521.979	237.029	1094.49	541.209	238.218	1106.06	781.222	216.777	1388.72	771.776	219.826
4.3	1390.89	529.979	237.195	1106.14	532.618	238.334	1103.88	774.625	217.37	1387.06	781.148	219.513
4.35	1401.17	540.959	236.15	1118.47	526.252	240.279	1102.67	766.968	217.623	1384.71	788.82	218.91
4.4	1413.11	549.178	235.024	1131.2	520.348	239.31	1101.54	759.425	218.386	1382.08	796.802	217.881
4.45	1424.09	559.459	234.331	1145.95	514.873	240.591	1100.99	751.511	218.971	1378.14	803.359	216.685
4.5	1434.07	569.069	233.323	1155.76	509.666	241.104	1101.12	743.438	219.502	1375.85	808.93	215.687
4.55	1444.12	579.478	232.16	1172.35	503.274	240.397	1102.04	734.8	219.826	1370.72	818.073	217.037
4.6	1452.86	590.249	231.377	1186.37	499.069	240.774	1103.27	726.365	220.566	1368.32	823.116	214.931
4.65	1462.22	600.67	230.862	1200.59	494.505	241.505	1104.9	717.64	221.384	1364.06	828.694	214.418
4.7	1469.09	612.734	230.995	1215.7	490.602	240.219	1107.27	708.535	222.225	1359.65	834.177	214.07
4.75	1477.81	623.519	228.795	1232.2	487.484	242.866	1110.25	699.549	222.913	1355.56	839.185	213.351
4.8	1484.91	635.191	228.069	1246.77	486.128	241.19	1113.9	690.535	223.623	1350.39	843.604	213.297
4.85	1491.43	645.831	226.675	1261.61	485.022	241.023	1118.2	680.567	223.955	1345.88	847.395	212.819
4.9	1498.21	659.237	225.659	1280.18	487.779	234.467	1122.77	672.072	224.872	1339.58	852.001	213.815
4.95	1502.97	670.755	225.195	1294.31	482.778	242.802	1128.31	663.067	225.716	1336.08	853.628	211.996
5	1508.56	682.292	223.913	1308.8	484.52	240.916	1134.16	653.999	226.488	1330.41	856.203	212.496
5.05	1512.65	694.202	222.504	1321.79	487.37	241.383	1140.99	644.339	226.492	1325.14	858.284	212.238
5.1	1516.15	706.874	222.687	1340.86	487.596	240.394	1147.71	636.503	228.026	1320.16	859.856	212.016
5.15	1519.44	718.633	222.066	1356.67	489.441	239.996	1155.32	628.191	228.942	1313.76	860.826	212.987
5.2	1521.92	730.369	220.878	1372.44	493.008	240.208	1162.94	620.056	229.676	1308.66	861.464	213.091
5.25	1523.81	742.279	219.611	1388.04	496.956	239.715	1172.63	611.566	229.842	1303.85	861.288	213.078
5.3	1525.6	754.407	218.839	1404.55	501.875	239.826	1181.74	603.379	230.331	1298.91	860.628	213.271
5.35	1526.1	765.278	218.248	1419.23	506.148	238.759	1191.49	596.18	231.271	1294.27	859.584	213.326
5.4	1526.94	776.483	216.552	1434.26	511.869	238.298	1201.62	589.144	231.769	1289.78	857.876	213.514
5.45	1525.47	787.019	215.568	1449.12	518.032	237.749	1212.97	583.036	232.908	1285.41	855.709	213.763
5.5	1525.57	798.468	215.788	1463.68	524.792	237.154	1224.44	575.373	231.902	1281.33	852.922	213.812
5.55	1522.09	809.887	217.089	1477.98	531.582	236.137	1235.54	569.412	232.885	1277.51	850.37	214.28
5.6	1522.73	818.727	213.937	1491.92	539.876	235.994	1247.69	564.519	232.937	1273.87	846.378	214.366
5.65	1520.62	828.857	213.28	1506	548.546	235.264	1259.82	558.841	234.158	1270.59	842.418	214.592
5.7	1518	837.258	212.224	1519	557.127	234.244	1272.52	552.838	232.922	1267.58	838.055	214.979
5.75	1515.79	847.981	211.732	1532.14	566.852	233.094	1284.98	549.88	234.385	1264.93	833.333	215.36
5.8	1512.71	857.452	211.455	1544.17	576.24	232.841	1297.79	547.123	235.293	1262.73	828.189	215.891
5.85	1508.69	863.93	209.82	1556.12	586.486	232.15	1312.37	543.341	235.396	1260.7	822.635	216.244
5.9	1504.02	872.461	209.557	1567.3	596.769	231.14	1326.63	540.995	235.237	1259.16	816.887	216.781
5.95	1499.18	879.585	209.507	1578.18	607.197	229.735	1340.02	539.079	235.464	1257.96	810.672	217.295
6	1494.42	886.453	209.604	1588.65	618.057	228.649	1354.6	537.966	236.413	1257.34	804.555	217.803
6.05	1490.41	891.667	208.555	1598.24	630.23	227.955	1361.88	540.853	233	1256.97	797.92	218.177
6.1	1483.57	897.977	207.982	1607.62	642.233	226.74	1383.64	536.269	236	1257.36	791.169	218.807
6.15	1477.33	905.836	209.951	1615.6	653.912	225.491	1398.38	536.182	235.985	1258.03	784.209	219.621
6.2	1473.92	908.199	206.205	1624.2	666.715	225.303	1412.82	537.083	236.185	1259.21	776.862	220.205
6.25	1467.25	912.786	206.498	1629.92	680.439	225.483	1427.9	538.583	236.045	1261.04	769.444	220.491
6.3	1459.47	915.827	206.365	1638.14	691.541	222.925	1443.92	541.677	236.859	1262.79	761.678	221.569
6.35	1454.37	920.185	206.919	1644.29	704.657	221.881	1457.63	542.943	235.336	1265.5	754.5	222.055
6.4	1445.92	923.27	209.325	1649.71	717.666	220.919	1471.26	546.352	235.685	1268.64	746.911	222.952
6.45	1442.26	923.986	206.379	1654.87	731.056	219.814	1486.4	550.3	234.466	1272.16	739.084	223.373
6.5	1436.16	925.801	206.481	1659.39	745.772	219.297	1500.78	554.743	233.986	1276.41	731.528	223.829
6.55	1429.89	925.569	206.168	1662.53	756.631	217.461	1514.64	557.555	233.11	1280.87	723.894	224.667
6.6	1424.62	927.433	206.638	1664.89	769.617	215.389	1528.72	564.856	232.708	1286.35	715.974	225.397
6.65	1418.41	928.127	207.216	1667.51	780.798	214.614	1542.86	571.085	232.512	1291.9	708.643	225.914
6.7	1412.71	925.521	205.923	1669.61	792.598	214.093	1557.34	577.963	230.487	1298.12	700.836	226.785
6.75	1406.52	924.797	206.414	1669.87	806.317	212.487	1571.56	585.999	228.411	1304.19	694.716	227.735
6.8	1400.92	922.563	207.432	1669.8	818.222	211.396	1582.86	592.734	229.499	1311.75	686.3	228.177
6.85	1395.46	920.621	207.567	1670.05	828.501	209.159	1596.17	602.149	227.714	1319.54	679.642	228.666
6.9	1391.05	916.453	207.462	1668.03	842.905	208.586	1608.29	608.557	227.916	1327.66	672.848	228.875
6.95	1385.7	914.331	208.288	1668.24	854.496	207.766	1618.96	617.299	227.434	1336.32	666.344	229.713
7	1381.22	911.099	208.604	1665.46	866.721	207.661	1630.98	627.268	226.51	1345.62	660.525	230.593
7.05	1376.4	905.752	209.007	1663.44	877.247	207.167	1640.99	636.07	226.794	1355.18	653.689	231.051
7.1	1372.87	900.839	208.589	1657.43	890.659	208.217	1651.93	646.456	225.22	1366.21	647.787	230.171
7.15	1368.25	895.235	209.076	1656.3	898.949	205.707	1663.96	659.316	224.894	1374.82	642.398	232.545
7.2	1365.47	890.377	210.509	1652.33	908.953	204.821	1669.87	666.604	222.642	1385.67	638.098	232.467
7.25	1360.99	884.971	213.079	1646.27	923.899	207.737	1677.57	678.673	224.225	1396.64	633.333	232.735
7.3	1360.74	877.487	211.016	1641.8	931.706	206.078	1688.55	688.846	221.2	1407.78	629.397	233.087
7.35	1358.84	871.055	211.954	1636.62	940.181	205.314	1696.18	699.813	220.345	1419.52	625.627	233.416
7.4	1357.35	863.633	212.428	1630.98	948.207	204.721	1703.44	711.578	219.382	1431.1	622.527	233.907
7.45	1357.16	857.073	212.812	1625.39	956.121	203.673	1710.77	723.828	218.811	1443.4	619.716	233.846
7.5	1355.82	848.836	213.777	1618.38	962.826	203.901	1718.06	739.36	218.622	1455.64	617.172	234.136
7.55	1356.66	841.283	213.528	1611.68	969.284	203.375	1722.51	746.792	214.809	1467.88	615.058	234.655
7.6	1356.92	832.92	214.683	1605.36	975.723	202.826	1725.02	758.874	212.616	1479.18	614.978	234.767
7.65	1358.3	825.23	215.908	1597.92	980.716	202.618	1731.13	768.952	213.087	1493.47	612.705	234.615
7.7	1359.83	816.884	216.767	1590.79	985.453	202.192	1735.51	779.751	212.747	1506.23	611.93	234.547
7.75	1362.29	808.142	217.178	1583.33	989.357	201.981	1737.95	793.072	211.251	1519.34	612.409	234.322
7.8	1365.1	800.578	217.688	1575.78	992.599	201.64	1739.92	803.882	209.547	1532.44	612.897	234.36
7.85	1368.6	792.726	218.999	1567.98	995.176	201.61	1742.87	811.575	206.678	1546.13	614.437	234.678
7.9	1372.09	782.943	219.432	1560.19	997.364	201.489	1743	828.714	207.921	1558.89	615.369	234.002
7.95	1376.86	774.374	219.166	1552.54	998.702	201.295	1745.03	839.632	205.563	1571.6	617.278	234.184
8	1381.36	766.004	220.468	1544.81	999.515	201.301	1744.11	852.314	205.873	1584.79	620.267	233.623
8.05	1387.2	757.481	221.529	1537.06	999.492	201.318	1744.8	862.565	205.743	1598.01	623.614	233.002
8.1	1392.09	749.795	223.268	1529.49	998.894	201.359	1739.52	877.149	207.263	1610.7	626.236	232.391
8.15	1399.87	740.622	222.437	1521.89	997.708	201.806	1740.9	894.933	209.848	1623.82	631.428	232.48
8.2	1407.09	732.964	223.224	1514.79	996.023	201.711	1739.54	906.366	211.393	1636.55	635.951	232.123
8.25	1414.64	724.976	223.973	1507.65	993.636	201.995	1736.71	916.283	210.534	1648.74	641.231	231.033
8.3	1423.39	717.698	223.797	1500.73	990.655	202.204	1733.77	926.158	209.624	1661.16	647.255	230.071
8.35	1431.39	708.839	224.844	1494.25	987.069	202.474	1730.64	935.802	208.971	1672.81	652.545	230.372
8.4	1441.1	702.979	224.908	1487.67	983.363	202.754	1726.96	944.9	208.342	1684.17	659.288	229.583
8.45	1450.66	696.379	225.573	1481.76	978.197	202.975	1722.74	953.457	207.41	1695.62	665.915	228.692
8.5	1460.63	689.908	226.408	1475.96	972.94	203.722	1718.23	961.528	206.91	1706.43	672.98	228.122
8.55	1471.45	683.385	227.35	1470.76	967.366	204.141	1713.35	969.276	206.272	1717.29	680.214	227.283
8.6	1481.71	678.352	227.388	1466.15	961.569	204.842	1708.16	976.432	205.498	1727.61	688.84	226.719
8.65	1493.85	673.041	226.733	1461.67	954.961	205.14	1702.72	983.163	205.067	1737.54	697.182	226.028
8.7	1505.61	668.123	227.891	1457.77	948.29	206.085	1696.79	988.912	204.168	1746.47	705.037	224.817
8.75	1517.13	663.04	227.94	1454.14	940.92	206.439	1690.83	995.052	203.956	1756.31	715.093	224.185
8.8	1529.71	659.035	228.435	1451.36	933.109	207.269	1684.58	1000.09	203.669	1763.4	724.287	224.777
8.85	1542.38	655.675	228.793	1448.81	925.214	207.98	1678.13	1004.66	203.208	1773.38	733.965	222.492
8.9	1555.38	652.231	229.273	1446.83	916.796	208.699	1671.5	1007.87	202.49	1781.12	743.611	221.616
8.95	1566.84	650.817	230.1	1445.5	908.429	209.666	1664.57	1011.65	202.538	1788.49	752.09	220.077
9	1581.3	648.12	228.718	1444.64	898.995	210.406	1657.83	1014.55	202.032	1795.47	763.842	220.133
9.05	1594.8	646.868	228.931	1443.96	888.265	210.808	1650.92	1016.88	201.98	1803.52	776.809	219.675
9.1	1608.33	644.908	228.306	1444.77	880.585	211.903	1643.91	1018.46	201.835	1808.07	784.042	217.403
9.15	1622.74	645.761	227.744	1446.01	870.809	212.843	1636.64	1019.59	202.048	1813.79	796.021	216.458
9.2	1635.91	646.377	228.628	1447.74	860.998	213.846	1630	1019.98	201.705	1818.25	806.245	216.13
9.25	1650.22	646.077	227.579	1449.86	851.159	214.663	1622.98	1019.96	201.631	1822.68	817.342	215.34
9.3	1663.66	647.96	227.661	1452.02	841.99	215.817	1616.34	1019.43	201.684	1827.35	827.045	214.187
9.35	1677.04	649.615	227.647	1456.44	831.651	216.45	1609.73	1018.14	201.824	1829.28	837.528	213.588
9.4	1691.04	652.364	227.78	1460.36	821.376	217.391	1603.2	1016.68	201.931	1832.72	848.364	211.851
9.45	1705.01	654.259	227.092	1465.39	811.986	218.662	1597	1013.88	201.909	1835.1	858.889	211.088
9.5	1718.4	658.364	225.77	1470.56	801.651	218.901	1591.08	1011.44	202.115	1837.07	869.466	210.071
9.55	1731.85	662.19	225.64	1477.19	792.381	220.325	1585.09	1007.59	202.393	1837.21	878.898	207.881
9.6	1744.35	666.871	225.576	1483.35	782.147	220.564	1579.54	1003.82	202.967	1838.96	890.636	208.6
9.65	1758.27	672.33	224.624	1491.53	772.618	220.344	1574.16	999.288	203.056	1837.93	901.397	208.752
9.7	1770.48	677.686	223.993	1498.25	763.921	221.963	1569.25	994.38	203.375	1839.32	910.596	207.188
9.75	1783.42	684.503	224.388	1506.5	754.788	222.785	1564.81	988.978	203.825	1838.68	920.257	206.252
9.8	1792.48	691.87	225.86	1515.24	746.572	223.591	1560.75	983.585	203.964	1837.61	929.887	205.401
9.85	1807.96	698.079	222.363	1524.68	737.651	223.969	1556.64	977.075	204.726	1836.22	939.313	205.068
9.9	1819.7	705.179	221.871	1534.04	728.101	224.655	1553.29	970.639	205.173	1835.44	951.431	204.935
9.95	1830.9	711.41	220.208	1545.13	722.022	225.541	1550.38	963.441	205.451	1831.55	954.616	201.087
10	1842.52	721.806	219.893	1556.22	714.512	226.198	1547.59	956.381	206.608	1829.51	963.814	201.053
10.05	1853.88	733.52	220.342	1567.74	707.865	226.295	1545.89	948.897	206.685	1825.89	971.181	200.79
10.1	1863.52	738.52	217.575	1579.7	701.285	226.886	1544.26	940.875	207.138	1822.61	978.294	200.426
10.15	1872.23	749.102	217.606	1590.44	697.139	226.723	1543.52	932.681	207.894	1818.52	985.995	199.727
10.2	1881.4	758.548	216.992	1604.96	690.419	227.328	1543.29	924.416	208.365	1813.53	991.333	199.07
10.25	1890.02	769.009	216.631	1617.66	684.458	227.447	1543.33	915.884	209.151	1809.92	994.799	196.502
10.3	1899.54	777.084	215.006	1631.36	680.97	227.695	1543.85	907.256	209.821	1804.64	1005.01	197.681
10.35	1905.19	788.414	213.701	1644.71	677.639	227.171	1545.62	898.441	210.052	1800.89	1010.43	197.288
10.4	1913.44	798.836	212.503	1660.65	674.168	229.471	1547.26	889.232	211.394	1795.28	1015.86	197.685
10.45	1919.2	811.206	211.984	1673.69	671.224	227.389	1549.66	880.367	212.085	1788.56	1021.92	198.332
10.5	1926.28	822.53	211.063	1687.73	669.254	227.528	1552.55	871.317	212.83	1783.72	1024.87	197.346
10.55	1930.46	833.396	209.806	1702.18	668.075	227.455	1556.36	862.648	213.888	1778.96	1026.98	197.104
10.6	1935.96	845.995	210.031	1716.89	667.13	227.099	1560.11	851.858	214.611	1773.48	1030.47	196.313
10.65	1936.9	858.746	211.865	1731.69	666.598	226.714	1564.85	843.229	215.167	1769.46	1039.19	199.109
10.7	1944.81	868.801	208.187	1746.24	667.308	226.646	1569.49	833.699	216.712	1762.01	1040.7	199.213
10.75	1948.5	878.086	206.127	1761.88	669.145	226.21	1575.77	824.934	216.51	1756.96	1039.98	197.607
10.8	1950.91	889.777	205.385	1776.31	670.094	225.776	1582.11	816.292	217.2	1751.09	1040.92	197.305
10.85	1953.66	903.375	205.121	1791.42	673.016	224.968	1588.83	808.265	218.091	1746.11	1041.7	196.998
10.9	1957.06	918.977	205.845	1805.5	675.667	224.754	1596.51	799.874	218.726	1740.23	1041.18	197.657
10.95	1956.86	924.784	202.028	1820.3	679.407	224.394	1604.15	792.25	219.111	1734.44	1040.22	197.371
11	1956.6	937.143	202.155	1835.06	683.029	223.905	1613.2	784.446	219.598	1729.38	1039.27	197.451
11.05	1956.37	947.702	201.59	1848.97	687.627	223.417	1622.21	776.765	220.335	1723.23	1036.89	197.375
11.1	1955.77	958.825	201.28	1863.1	691.809	222.138	1631.41	769.787	221.183	1718.8	1035.66	197.214
11.15	1956.33	966.972	199.405	1877.63	699.52	221.702	1640.49	763.59	221.239	1713.65	1033.13	197.076
11.2	1952.1	977.591	198.573	1890.89	705.624	221.66	1651.71	756.281	221.699	1709.3	1030.28	197.203
11.25	1951.46	987.622	197.297	1904.29	712.727	220.781	1662.53	750.307	222.142	1703.93	1025.91	197.422
11.3	1948.15	998.819	197.178	1917.25	720.476	219.912	1673.33	744.82	221.947	1700.03	1023.16	198.525
11.35	1946.09	1008.26	196.343	1928.4	728.516	220.478	1685.34	739.43	222.868	1696.15	1018.83	198.815
11.4	1941.06	1016.67	194.99	1942.43	737.131	218.55	1697.84	735.07	223.796	1692.43	1014.02	199.362
11.45	1937.68	1026.93	195.916	1954.23	745.832	217.643	1709.54	730.32	223.339	1689.12	1011.39	200.721
11.5	1930.47	1035.88	197.672	1967.23	757.318	216.981	1721.3	726.718	224.001	1686.34	1006.75	201.43
11.55	1929.63	1042.33	194.639	1976.55	765.188	216.17	1734.56	723.352	223.764	1683.93	998.851	200.604
11.6	1924.84	1049.52	193.887	1988.92	778.209	215.943	1747.24	720.654	223.382	1681.4	992.687	201.138
11.65	1919.61	1054.66	192.476	1997.26	785.299	213.294	1760.33	717.722	222.243	1679.56	986.822	201.457
11.7	1914.6	1063.28	192.973	2007.01	796.917	212.707	1773.73	716.794	223.135	1678.58	980.36	202.287
11.75	1908.6	1074.8	196.219	2015.59	807.795	211.971	1787.32	717.115	224.046	1677.82	973.443	203.142
11.8	1903.64	1073.38	190.339	2024.08	819.158	211.241	1801.89	715.277	221.876	1677.31	965.911	203.568
11.85	1896.24	1079.54	191.493	2032.8	829.71	209.987	1815.16	716.126	221.7	1677.57	959.287	204.017
11.9	1889.58	1083.68	191.324	2038.48	842.502	209.219	1827.56	717.146	220.775	1677.73	952.504	204.94
11.95	1883.11	1087.74	191.609	2045.57	853.769	207.407	1842.16	717.709	222.408	1678.79	945.127	205.477
12	1877.87	1089.21	190.551	2050.63	867.243	206.331	1856.69	718.2	221.97	1680.16	937.62	206.009
12.05	1868.9	1092.17	189.845	2057.45	878.673	204.983	1868.97	720.359	221.493	1682.31	930.13	206.504
12.1	1863.19	1094.58	189.749	2061.76	891.599	204.522	1883.51	722.936	220.246	1684.57	922.232	207.021
12.15	1855.65	1097.64	190.154	2065.83	904.291	203.509	1896.6	727.651	220.923	1687.76	914.895	208.049
12.2	1849.67	1098.84	189.999	2067.76	918.331	203.599	1910.39	731.68	220.419	1691.46	907.288	208.371
12.25	1841.17	1098.83	189.25	2072.19	930.075	202.201	1923.12	736.445	219.169	1695.17	899.945	209.145
12.3	1835.34	1100.17	190.845	2074.46	942.349	200.807	1936.4	742.013	218.873	1699.58	892.311	209.771
12.35	1825.9	1100.42	193.126	2075.94	954.985	199.854	1946.34	747.067	220.713	1704.3	887.212	211.612
12.4	1822.68	1098.58	191.005	2076.96	967.437	198.889	1962.23	754.054	217.868	1710.09	877.585	210.719
12.45	1816.32	1096.93	191.046	2079.1	983.521	199.884	1973.72	759.784	217.784	1715.13	868.983	211.029
12.5	1810.2	1093.5	190.584	2077.08	991.733	196.441	1986.52	765.037	216.008	1722.17	862.813	211.822
12.55	1803.47	1091.96	190.618	2076.8	1004.52	195.757	1997.16	774.641	215.239	1729.17	855.916	212.625
12.6	1800.64	1093.79	193.063	2074.98	1015.74	195.279	2012.35	787.8	215.656	1736.63	849.08	213.367
12.65	1793.59	1085.72	190.814	2073.11	1026.92	194.569	2021.15	791.166	213.449	1744.14	842.465	213.523
12.7	1787.92	1082.65	192.004	2070.44	1038.44	193.503	2031.14	801.044	213.133	1752.5	836.077	214.062
12.75	1782.78	1078.02	192.614	2066.97	1054.23	195.986	2040.6	809.914	212.319	1760.66	830.834	214.672
12.8	1779.7	1075.7	194.24	2063.93	1062.51	193.634	2052.95	822.886	212.621	1769.53	824.978	215.024
12.85	1775.07	1067.11	193.135	2060.12	1074.36	194.023	2060.77	828.656	210.8	1778.57	819.733	215.154
12.9	1769.29	1061.27	193.514	2055.34	1083.85	193.043	2066.36	836.045	208.648	1788.52	814.902	215.4
12.95	1766.82	1055.4	193.799	2050.58	1092.83	192.057	2075.57	844.688	206.569	1798.72	810.019	216.106
13	1763.18	1050.15	194.854	2045.06	1101.91	191.254	2084.05	859.799	207.945	1808.58	805.965	216.403
13.05	1761.28	1043.52	195.102	2039.51	1110.1	190.693	2091.35	870.885	207.049	1819.29	802.017	216.686
13.1	1757.65	1036.18	195.207	2033.35	1118.34	190.122	2096.32	881.316	203.371	1830.16	798.628	216.762
13.15	1756.81	1029.69	197.059	2026.73	1123.73	188.451	2104.26	894.154	205.148	1841.16	795.372	217.119
13.2	1753.2	1022.82	199.411	2020.15	1131.03	188.128	2106.29	904.971	203.158	1852.14	794.121	218.152
13.25	1754.75	1013.72	197.885	2013.35	1137.08	187.15	2114.31	910.705	199.489	1863.78	790.601	217.257
13.3	1754.66	1006.51	198.859	2005.71	1142.85	187.055	2119.15	927.036	200.618	1875.08	788.495	217.325
13.35	1754.89	997.295	198.865	1998.22	1148.13	186.815	2123.08	939.153	199.673	1887.18	787.728	217.074
13.4	1755.81	990.553	200.323	1990.45	1152.88	186.519	2126.56	950.971	198.711	1899.31	787.184	216.815
13.45	1758.42	984.94	201.723	1982.28	1156.88	186.233	2134.37	969.028	203.115	1911.82	785.96	218.174
13.5	1759.15	973.247	200.426	1974.24	1160.55	186.008	2132.72	974.019	196.913	1923.28	786.522	217.12
13.55	1761.16	965.388	201.881	1966.08	1163.23	185.968	2133.1	985.647	201.956	1936.67	786.089	217.029
13.6	1763.9	956.665	202.729	1957.64	1165.09	186.108	2135.96	1001.02	198.637	1947.48	788.611	217.029
13.65	1767.39	948.141	203.808	1949.61	1167.17	185.866	2136.44	1012.36	197.644	1959.68	789.571	216.497
13.7	1771.75	939.103	203.873	1941.6	1168.33	185.981	2136.44	1023.57	196.829	1970.88	792.403	215.932
13.75	1775.21	930.585	204.163	1933.46	1168.57	185.643	2135.9	1034.67	195.851	1983.68	795.111	216.292
13.8	1780.85	921.836	204.629	1925.12	1168.31	185.958	2134.75	1045.35	194.97	1995.78	797.938	216.141
13.85	1785.83	914.686	205.652	1917.02	1167.57	186.144	2133.15	1056.38	194.249	2006.97	802.461	214.726
13.9	1792.54	906.733	206.011	1909.23	1166.34	186.302	2130.95	1066.98	193.464	2017.04	806.17	216.29
13.95	1798.3	898.818	206.649	1901.28	1164.1	186.633	2128.57	1077.07	192.615	2030.65	811.012	214.027
14	1805.71	891.315	207.813	1894	1161.83	186.703	2125.41	1086.77	191.753	2041.8	815.549	213.915
14.05	1811	884.683	209.887	1886.49	1158.73	187.202	2121.86	1096.13	190.861	2053.08	822.494	213.601
14.1	1821.54	876.471	209.093	1879.71	1155.05	187.342	2117.78	1105.57	190.243	2063.71	826.994	212.303
14.15	1829.79	869.658	209.135	1872.71	1150.82	187.894	2113.57	1113.73	189.425	2075.36	834.477	212.102
14.2	1838.59	861.836	209.101	1866.36	1146.3	188.476	2108.85	1121.95	188.811	2085.43	840.261	211.224
14.25	1848.14	856.811	209.789	1860.18	1141.15	188.974	2103.77	1129.66	188.132	2096.01	848.053	210.204
14.3	1858.72	852.915	211.008	1854.23	1135.34	189.628	2098.27	1136.95	187.547	2105.29	854.893	210.212
14.35	1868.29	844.526	209.742	1848.91	1129.17	189.969	2092.63	1143.85	187.203	2115.44	863.555	209.64
14.4	1878.25	840.079	210.797	1843.92	1123.1	190.906	2086.12	1150.48	186.609	2124.51	870.121	208.652
14.45	1888.99	834.997	211.233	1839.51	1115.84	191.492	2079.93	1156.13	185.962	2132.36	879.375	207.811
14.5	1900.07	830.644	211.956	1835.53	1108.55	192.118	2073.1	1161.27	185.131	2140.49	886.813	206.533
14.55	1911.99	825.81	211.403	1832.18	1100.97	192.903	2066.34	1166.06	184.845	2148.7	897.407	206.44
14.6	1922.6	822.418	211.491	1829.07	1092.79	193.374	2059.42	1170.48	184.658	2156.26	906.749	205.67
14.65	1935.21	818.772	211.134	1826.47	1084.52	194.284	2052.09	1174.18	184.191	2162.97	915.76	204.236
14.7	1946.71	817.512	211.715	1824.61	1075.68	194.955	2044.84	1177.42	183.781	2170.02	926.278	204.046
14.75	1959.6	815.648	211.359	1823.53	1067.01	195.202	2037.73	1180.12	183.856	2175.12	936.286	203.991
14.8	1971.54	814.099	211.733	1822.26	1057.97	196.409	2029.97	1182.19	183.467	2181.45	944.68	201.757
14.85	1984.21	813.49	212.115	1821.91	1048.67	197.181	2022.33	1184.07	183.458	2187.03	956.33	201.41
14.9	1994.28	814.123	214.151	1822.14	1039.41	198.2	2014.83	1185.03	183.537	2191.81	967.545	200.877
14.95	2010.27	813.428	211.545	1823.18	1029.6	198.673	2007.29	1185.41	183.429	2196.11	977.085	199.857
15	2022.61	813.337	212.15	1824.17	1019.13	199.508	1999.89	1185.72	183.695	2200.63	988.822	199.44
15.05	2035.59	813.111	210.993	1826.43	1010.1	200.534	1992.76	1184.92	183.547	2203.17	997.709	197.933
15.1	2048.72	816.295	211.137	1829.16	1000.23	201.374	1985.57	1183.99	183.677	2206.36	1008.72	196.752
15.15	2062.44	820.882	211.892	1832.67	990.257	202.218	1978.32	1182.05	183.795	2208.09	1018.54	196.544
15.2	2074.9	820.343	209.833	1836.41	980.545	202.972	1971.63	1180.06	184.156	2209.92	1029.24	196.018
15.25	2086.86	824.576	209.983	1840.05	971.964	204.107	1964.91	1177.36	184.1	2211.58	1038.98	194.916
15.3	2099.3	827.743	210.268	1845.96	961.44	204.57	1958.43	1173.99	184.595	2211.57	1049.59	194.07
15.35	2111.43	832.402	209.895	1851.38	951.679	205.315	1952.31	1170.37	184.78	2211.86	1058.19	192.53
15.4	2124.33	835.054	208.593	1857.77	942.468	206.254	1946.24	1166.18	185.345	2211.82	1069.76	192.728
15.45	2134.97	841.202	208.434	1864.28	933.343	206.782	1940.85	1161.55	185.797	2210.86	1079.02	191.603
15.5	2147.56	846.263	207.238	1871.89	924.553	207.886	1935.44	1156.33	186.086	2210.17	1088.02	190.716
15.55	2158.22	853.91	207.339	1879.42	915.643	208.202	1930.42	1150.93	186.716	2208.54	1097.24	190.002
15.6	2170.24	860.762	206.541	1888	907.251	208.694	1925.88	1145.09	187.235	2205.58	1107.01	190.104
15.65	2180.2	867.665	205.799	1896.64	899.626	209.184	1921.82	1138.81	187.572	2204.23	1114.87	189.032
15.7	2190.93	876	205.892	1905.76	891.758	209.78	1917.97	1132.06	188.265	2201.44	1123.19	188.156
15.75	2198.3	885.256	207.195	1915.51	884.507	210.454	1914.68	1125.2	188.877	2198.32	1131.24	187.53
15.8	2211.55	892.126	204.622	1925.71	877.318	210.871	1911.88	1117.94	189.564	2194.79	1139.05	186.96
15.85	2221.02	900.341	203.786	1935.83	869.953	211.318	1909.57	1110.39	190.252	2191.74	1148.02	187.521
15.9	2230.07	908.127	202.357	1947.55	864.641	211.861	1907.74	1102.54	190.823	2186.7	1153.35	185.617
15.95	2238.88	918.935	202.019	1959.05	858.995	212.189	1906.33	1094.49	191.613	2182.5	1160.47	185.285
16	2248.52	931.671	202.278	1971.1	853.482	213.017	1905.44	1086.25	192.195	2177.39	1166.46	185.075
16.05	2255.35	937.604	199.219	1983.02	850.006	211.858	1905.09	1077.99	192.841	2172.41	1172.11	184.685
16.1	2262.11	948.815	199.43	1995.31	846.092	212.012	1905.39	1069.33	193.702	2166.94	1177.77	184.286
16.15	2268.56	958.823	198.734	2008.4	842.494	212.254	1906.11	1060.67	194.384	2161.3	1182.54	183.7
16.2	2274.78	969.56	198.363	2020.95	839.185	212.777	1907.19	1051.5	195.099	2155.4	1186.06	182.869
16.25	2281.68	978.424	196.762	2034.37	836.762	212.783	1908.99	1042.8	195.904	2150.52	1192.85	184.201
16.3	2285.13	990.06	195.686	2047.97	835.181	212.41	1911.46	1033.63	196.553	2143.65	1196.78	184.208
16.35	2290.63	1000.21	194.243	2061.89	833.931	212.827	1914.41	1024.56	197.375	2137.58	1200.19	184.113
16.4	2294.2	1012.92	194.072	2075.24	833.248	212.394	1917.8	1015.67	198.032	2131.24	1202.88	183.717
16.45	2298.49	1024.22	192.855	2088.5	833.291	212.654	1921.85	1006.92	198.819	2125.02	1204.95	183.579
16.5	2300.68	1035.27	192.099	2102.89	833.652	212.143	1926.68	998.069	199.911	2118.65	1206.55	183.619
16.55	2303.19	1047.2	191.699	2116.66	834.784	211.859	1931.56	989.356	200.387	2112.19	1207.97	183.55
16.6	2302.37	1060.23	193.31	2130.6	836.591	211.544	1937.07	980.967	201.226	2106.1	1208.64	183.372
16.65	2307.18	1069.19	190.194	2144.5	838.812	211.301	1943.37	972.737	201.699	2099.8	1208.9	183.369
16.7	2308.22	1079.98	189.09	2158.33	841.847	210.82	1949.91	964.384	202.38	2093.54	1208.73	183.392
16.75	2308.51	1089.48	187.471	2171.99	845.09	210.46	1957.02	956.438	202.905	2087.39	1207.88	183.423
16.8	2308.71	1101.86	187.154	2185.96	849.635	209.678	1964.51	948.746	203.545	2081.3	1206.83	183.434
16.85	2309.12	1114.98	187.615	2199.57	854.093	209.425	1972.4	941.072	204.203	2075.29	1205.15	183.564
16.9	2307.35	1121.89	184.48	2212.16	859.139	209.153	1981.03	934.394	204.387	2069.5	1203.24	183.827
16.95	2305.18	1133.17	184.47	2225.45	864.865	208.384	1990.1	927.482	205.56	2064.04	1200.64	183.989
17	2302.75	1142.8	184.087	2237.88	871.034	208.057	1999.94	920.825	206.411	2058.71	1197.78	184.317
17.05	2300.16	1152.61	183.748	2250.27	877.298	207.107	2009.32	915.282	206.504	2053.47	1194.44	184.72
17.1	2298.21	1160.39	182.22	2262.44	885.107	206.712	2019.43	909.6	206.406	2048.68	1190.85	185.105
17.15	2292.89	1169.96	181.342	2274.13	892.871	206.066	2029.95	904.69	207.079	2044.01	1186.68	185.495
17.2	2291.11	1176.48	179.659	2285.63	901.059	204.946	2041.21	899.313	207.239	2039.69	1182.25	185.884
17.25	2284.76	1188.15	180.15	2297.05	910.246	204.426	2051.37	895.463	207.384	2035.66	1177.42	186.178
17.3	2281.12	1196.12	179.426	2306.83	919.224	204.077	2063.16	891.902	207.739	2032.06	1172.16	186.731
17.35	2275.04	1203.74	178.715	2317.93	928.434	202.822	2075.47	888.45	208.66	2028.64	1166.66	187.295
17.4	2269.73	1211.47	178.954	2327.71	938.245	202.133	2087.07	885.326	208.962	2025.79	1161.02	187.805
17.45	2261.56	1219.29	180.367	2337.1	948.427	201.276	2097.67	883.762	209.254	2023.26	1154.91	188.399
17.5	2255.69	1225.91	180.49	2345.95	959.145	200.359	2110.18	882.068	208.885	2021.16	1148.64	188.86
17.55	2252.64	1229.71	177.234	2354.19	970.378	199.635	2124.02	880.678	207.761	2019.26	1141.81	189.462
17.6	2245.81	1234.07	176.458	2361.99	980.991	198.568	2136.65	880.074	207.532	2018.01	1135.24	190.077
17.65	2239.23	1240.45	176.599	2369.38	992.78	197.369	2149.3	880.003	207.425	2017.2	1128.32	190.601
17.7	2233.53	1247.23	177.742	2375.54	1003.74	196.548	2162.07	880.443	207.343	2016.79	1121.15	191.22
17.75	2225.62	1248	175.067	2382.05	1015.18	195.868	2175.56	881.288	206.681	2016.88	1113.79	191.826
17.8	2218.02	1252.31	175.686	2387.08	1027.56	194.641	2189.78	884.821	204.196	2017.19	1106.65	192.578
17.85	2210.31	1254.97	175.652	2391.79	1039.61	193.627	2200.92	884.29	207.41	2018.39	1099	193.082
17.9	2203.05	1257.32	176.051	2395.47	1051.43	192.434	2213.52	887.299	206.631	2019.77	1091.37	193.678
17.95	2196.75	1257.73	174.916	2399.54	1064.12	191.602	2226.64	889.85	206.401	2021.72	1083.74	194.374
18	2187.44	1259.39	175.06	2402.7	1076.47	190.66	2238.66	893.952	205.888	2024.03	1076.09	195.003
18.05	2180.86	1259.91	174.778	2405.05	1088.83	189.628	2251.2	897.737	204.951	2026.97	1068.46	195.561
18.1	2172.86	1261.2	175.216	2406.85	1101.06	188.799	2263.35	903.01	204.985	2030.31	1060.7	196.183
18.15	2166.95	1261.2	174.832	2407.32	1114.1	188.168	2277.34	910.023	202.067	2034.18	1053.22	196.564
18.2	2157.79	1259.96	174.881	2408.66	1125.59	186.97	2287.22	913.84	203.458	2038.42	1045.94	197.204
18.25	2150.37	1258.75	174.927	2408.63	1137.52	185.977	2298.8	920.553	202.508	2043.25	1038.46	197.701
18.3	2142.15	1258.33	177.63	2408.07	1149.47	185.026	2309.18	927.282	202.784	2048.43	1031.32	198.281
18.35	2137.64	1254.86	176.628	2406.86	1161.18	184.103	2321.3	934.398	202.176	2054.05	1024.21	198.821
18.4	2131.18	1252.12	176.759	2405.34	1172.91	183.54	2331.67	941.258	201.93	2060.06	1017.01	199.358
18.45	2124.83	1247.61	176.391	2402.85	1184.59	183.121	2342.35	949.737	200.574	2066.61	1010.49	199.919
18.5	2118.94	1245.34	177.253	2400.04	1195.66	181.904	2352.48	958.087	200.122	2073.57	1004.02	200.464
18.55	2114.16	1243.41	178.715	2396.48	1206.24	181.08	2362.49	967.634	199.429	2081.02	997.679	201.078
18.6	2107.51	1235.63	177.096	2392.69	1216.72	180.286	2371.49	975.6	198.154	2088.62	991.859	201.464
18.65	2102.23	1231.71	178.227	2388.39	1226.64	179.537	2380.74	986.01	196.973	2096.64	986.285	201.924
18.7	2097.03	1226.1	178.914	2383.77	1236.33	178.738	2388.5	994.814	197.218	2105.19	980.896	202.28
18.75	2092.64	1220.27	179.894	2378.4	1244.51	177.427	2396.35	1004.57	196.315	2113.93	975.747	202.738
18.8	2089.02	1213.45	179.928	2372.99	1254.5	177.708	2404	1014.4	195.285	2122.85	971.12	203.09
18.85	2084.24	1206.75	180.275	2366.53	1262.63	176.877	2409.98	1025.08	194.292	2132.18	966.881	203.43
18.9	2081.88	1199.89	180.66	2360.61	1269.64	175.499	2415.5	1035.46	193.397	2141.92	962.888	203.878
18.95	2078.46	1193.84	181.391	2353.33	1277.31	174.732	2421.37	1047.43	193.273	2151.75	959.332	204.104
19	2076.7	1185.77	181.495	2346.74	1283.88	174.378	2425.2	1055.76	191.286	2162.01	955.947	204.845
19.05	2074.13	1179.3	182.643	2339.13	1289.81	174.006	2432.36	1069.38	191.366	2172.35	953.803	204.307
19.1	2072.98	1171.52	183.744	2331.6	1296.29	173.434	2435.95	1080.99	189.639	2182.81	951.112	204.888
19.15	2070.25	1164.33	185.493	2323.67	1301.57	173.025	2439.54	1092.09	188.688	2193.47	949.263	204.972
19.2	2071.63	1155.55	185.117	2315.9	1306.6	172.365	2442.87	1104.05	188.062	2204.32	947.8	205.119
19.25	2071.66	1147.26	185.676	2307.07	1310.73	172.497	2445.38	1114.66	187.01	2215.16	946.872	205.062
19.3	2072.26	1137.89	185.788	2298.71	1314.59	172.313	2447.53	1126.03	185.883	2226.12	946.393	204.891
19.35	2073.32	1130.71	186.854	2290.06	1317.84	171.997	2448.85	1136.95	185.455	2237.23	946.446	204.85
19.4	2075.85	1124.15	188.517	2281.29	1320.36	172.008	2450.37	1148.91	184.925	2248.81	946.646	205.155
19.45	2077.08	1113.34	187.488	2272.57	1322.52	171.912	2450.24	1159.23	183.439	2259.52	947.985	204.487
19.5	2079.45	1105.37	188.837	2263.76	1323.76	172	2450.36	1170.29	182.518	2270.78	949.302	204.269
19.55	2082.5	1096.11	189.289	2254.94	1324.68	171.945	2449.4	1180.87	181.778	2281.78	951.262	204.005
19.6	2086.17	1087.38	190.157	2246.23	1325.07	172.003	2448.15	1191.72	180.853	2292.88	953.334	203.659
19.65	2090.54	1078.66	190.371	2237.5	1324.87	172.125	2446.66	1202.31	180.626	2303.61	956.249	203.388
19.7	2094.15	1070.74	190.997	2228.95	1323.95	172.21	2444.51	1212.41	179.579	2314.64	959.629	203.073
19.75	2099.74	1062.18	191.2	2220.43	1322.55	172.475	2441.93	1221.43	178.537	2325.18	963.165	202.361
19.8	2104.9	1055.3	192.174	2211.97	1320.53	172.743	2438.76	1232.21	178.445	2336.26	967.903	202.066
19.85	2111.53	1047.73	192.655	2203.89	1318.11	173.003	2434.98	1241.81	177.954	2345.97	972.667	201.796
19.9	2117.34	1040.01	193.26	2195.62	1314.43	173.66	2431.25	1250.49	177.033	2357.29	977.768	201.153
19.95	2124.46	1033.17	194.245	2188.32	1311.56	173.48	2426.68	1259.27	176.158	2367.46	983.38	200.289
20	2130.52	1026.71	195.79	2180.62	1307.52	174.227	2421.87	1267.59	175.484	2377.16	989.172	199.845
20.05	2139.83	1019.53	195.356	2173.68	1302.91	174.34	2416.52	1275.42	174.962	2387.01	995.634	199.157
20.1	2148.13	1012.85	195.686	2166.65	1297.8	175.078	2410.97	1283.08	174.187	2396.24	1002.32	198.688
20.15	2156.48	1006.69	196.106	2160.15	1292.28	175.631	2405.08	1290.11	173.599	2405.4	1009.26	197.98
20.2	2165.82	1001.08	196.521	2153.99	1286.36	176.153	2398.91	1296.89	173.08	2414.1	1016.63	197.214
20.25	2175.76	997.058	197.437	2148.12	1279.93	176.692	2392.5	1302.73	172.304	2421.83	1024.29	197.324
20.3	2185	990.079	196.612	2142.81	1273.13	177.346	2385.62	1308.8	172.373	2430.25	1032.14	196.018
20.35	2194.77	986.086	197.302	2137.67	1265.99	178.174	2378.31	1314.25	171.559	2437.92	1040.18	195.391
20.4	2205.12	981.613	197.904	2133.39	1258.21	178.674	2371.19	1318.73	171.071	2445.11	1048.99	194.406
20.45	2215.51	977.654	198.241	2129.38	1250.36	179.359	2363.35	1323.52	170.901	2451.79	1057.19	193.502
20.5	2226.84	973.854	198.079	2126	1242.29	180.035	2355.76	1326.89	170.537	2458.32	1066.81	192.982
20.55	2236.89	971.267	198.126	2123	1233.75	180.651	2348.21	1330.02	170.252	2464.25	1076.08	192.214
20.6	2248.67	968.133	198.061	2120.53	1224.9	181.498	2340.18	1332.86	170.023	2469.52	1084.5	190.908
20.65	2259.66	967.323	198.422	2118.56	1215.9	182.314	2332.3	1335.32	169.901	2475.12	1094.92	190.7
20.7	2271.53	966.01	198.137	2117.39	1206.56	182.908	2324.19	1337.04	170.147	2479.33	1104.73	190.278
20.75	2282.52	965.007	197.98	2116.21	1197.07	184.042	2316.29	1338.11	169.956	2484.15	1114.51	189.049
20.8	2294.43	965.017	198.498	2116.01	1187.88	184.704	2307.91	1338.94	169.73	2487.85	1124.41	188.096
20.85	2304.5	965.938	199.723	2116.21	1178.36	185.542	2299.94	1338.99	169.809	2490.98	1133.95	187.262
20.9	2318.69	965.988	198.079	2117.23	1168.61	186.192	2291.49	1338.01	170.122	2494.01	1144.23	186.376
20.95	2329.96	966.466	198.362	2118.47	1158.72	187.107	2284.03	1337.76	170.002	2496.22	1154.14	185.766
21	2342.16	967.678	198.261	2120.43	1148.98	187.97	2276.32	1336.51	170.428	2498.11	1163.8	184.972
21.05	2354.18	970.312	197.793	2123.08	1139.21	188.776	2269.44	1334.47	170.051	2499.72	1173.72	184.143
21.1	2366.36	973.816	198.271	2126.24	1129.36	189.665	2261.36	1332.09	170.946	2500.53	1183.52	183.527
21.15	2377.85	975.205	196.583	2129.99	1119.8	190.31	2254.3	1329.27	171.434	2501.13	1193.09	182.852
21.2	2388.56	979.437	196.099	2134.05	1110.42	191.183	2247.13	1326.03	171.187	2501.04	1203	181.96
21.25	2400.04	983.174	196.271	2138.97	1100.69	191.943	2240.23	1321.68	171.719	2500.46	1212.72	180.848
21.3	2411.68	987.918	196.255	2144.43	1091.55	192.76	2234.14	1318.08	171.434	2499.48	1220.97	179.682
21.35	2423.06	992.001	195.464	2150.25	1082.46	193.323	2227.34	1312.95	173.067	2498.18	1231.2	179.459
21.4	2433.2	998.233	195.03	2156.73	1073.54	194.159	2221.31	1307.27	173.212	2496.1	1240.3	179.12
21.45	2442.8	1004.63	195.16	2163.72	1064.9	194.933	2215.93	1301.98	173.35	2494.1	1248.98	178.087
21.5	2453.05	1011.63	195.065	2171.17	1056.49	195.633	2210.95	1296.11	174.161	2491.4	1257.44	177.489
21.55	2462.69	1018.53	194.516	2179.15	1048.42	196.125	2206.11	1289.64	174.506	2488.16	1265.95	176.968
21.6	2472.42	1025.43	193.543	2187.49	1040.78	196.819	2201.42	1282.48	175.305	2484.95	1273.75	176.234
21.65	2481.72	1033.44	193.104	2196.29	1033.39	197.439	2197.47	1275.86	175.742	2481.12	1281.4	175.613
21.7	2490.96	1041.06	192.492	2205.57	1026.34	198.1	2194.17	1268.72	176.145	2476.99	1288.86	174.919
21.75	2499.58	1049.68	191.899	2215.14	1019.74	198.365	2190.76	1260.56	177.206	2472.67	1296.02	174.295
21.8	2507.88	1058.08	191.213	2225.15	1013.36	198.815	2188.35	1253.28	177.744	2467.79	1302.8	174.146
21.85	2515.7	1066.94	190.297	2235.71	1007.68	199.254	2186.2	1245.35	178.455	2462.56	1309.06	173.299
21.9	2522.94	1076.08	190.026	2246.57	1002.39	199.587	2184.83	1237.08	178.953	2457.24	1315.14	173.017
21.95	2530.57	1086.8	189.253	2258.01	997.058	200.515	2183.24	1228.2	180.007	2451.51	1320.94	172.751
22	2536.29	1095.48	187.795	2268.97	993.292	200.147	2183.02	1220.18	180.388	2445.76	1326.06	172.234
22.05	2542.21	1105.42	187.425	2280.35	990.187	200.183	2182.68	1211.48	180.983	2439.57	1330.83	172.036
22.1	2548.11	1115.5	186.497	2292.96	986.768	200.071	2182.93	1202.55	181.606	2433.4	1335.31	171.474
22.15	2552.9	1125.92	185.585	2305.23	984.194	199.973	2183.76	1193.64	182.58	2426.95	1338.68	170.886
22.2	2557.76	1136.02	184.847	2317.48	981.946	200.391	2185.1	1184.9	183.688	2420.39	1342.78	171.174
22.25	2561.46	1146.56	183.686	2330.21	980.87	199.801	2187.12	1175.68	184.439	2413.46	1345.71	170.911
22.3	2565.12	1157.05	182.984	2342.71	979.786	199.426	2189.63	1167.06	184.985	2406.82	1348.2	170.629
22.35	2568.07	1168.21	182.038	2355.77	979.541	199.612	2192.75	1158.22	185.658	2399.73	1350.45	170.4
22.4	2570.51	1179.05	181.29	2368.2	979.999	199.675	2196.27	1149.42	186.456	2392.99	1352.06	170.296
22.45	2572.4	1189.68	180.254	2381.53	980.484	199.237	2200.28	1140.71	187.164	2385.91	1352.9	170.402
22.5	2574.03	1200.4	179.326	2394.42	981.75	199.013	2204.92	1132.27	187.761	2378.96	1354	170.168
22.55	2574.84	1211.13	178.557	2407.33	983.956	198.566	2210.44	1123.58	187.995	2371.96	1354.26	170.197
22.6	2575.42	1221.72	178.056	2420.3	986.082	198.447	2215.5	1115.49	189.372	2365.49	1354.09	170.016
22.65	2575.34	1232.38	177.051	2433	989.2	197.883	2221.47	1107.42	190.048	2358.37	1353.4	170.316
22.7	2574.8	1242.56	176.139	2445.67	993.209	197.446	2227.87	1099.8	190.735	2351.58	1352.35	170.454
22.75	2573.56	1253.08	175.471	2458.03	997.223	197.113	2234.82	1092.09	191.292	2344.97	1350.94	170.558
22.8	2572.48	1263.94	174.976	2470.2	1001.47	197.039	2242.28	1084.75	191.883	2338.48	1348.97	170.765
