1.6	2941.91	1988.25	113.184	2657.49	1989.22	117.402	2658.31	2234.73	95.4025	2945.55	2225.98	96.7401
1.65	2941.64	1987.73	112.828	2657.07	1990.71	116.998	2658.28	2233.61	95.0244	2944.65	2228.58	96.2617
1.7	2942.04	1987.56	112.786	2657.23	1990.68	117.033	2658.44	2233.5	94.9951	2944.66	2228.52	96.2374
1.75	2941.89	1987.49	112.733	2657.01	1990.69	116.987	2658.44	2233.41	94.9417	2944.64	2228.48	96.2166
1.8	2942	1987.54	112.781	2657.23	1990.66	117.026	2658.47	2233.59	94.9601	2944.71	2228.62	96.299
1.85	2942.17	1987.31	112.698	2657.23	1990.67	117.007	2658.53	2233.53	94.9036	2944.68	2228.64	96.2825
1.9	2942.23	1987.16	112.635	2657.24	1990.64	117.044	2658.49	2233.51	94.9761	2944.71	2228.58	96.2745
1.95	2941.9	1987.51	112.712	2657	1990.73	116.908	2658.96	2233.04	94.567	2944.68	2228.64	96.2269
2	2941.96	1987.54	112.782	2657.2	1990.69	116.987	2658.44	2233.55	94.9454	2944.71	2228.62	96.2349
2.05	2941.9	1987.48	112.76	2657.01	1990.7	116.979	2658.92	2233.04	94.5829	2944.64	2228.54	96.27
2.1	2942	1987.6	112.763	2657.21	1990.67	116.993	2658.38	2233.51	94.8281	2944.66	2228.55	96.2097
2.15	2941.84	1987.49	112.74	2656.99	1990.74	116.962	2658.24	2233.58	94.9901	2944.64	2228.56	96.2225
2.2	2941.98	1987.64	112.759	2657.15	1990.7	117.042	2658.47	2233.62	94.949	2944.68	2228.59	96.2477
2.25	2941.97	1987.58	112.782	2657.18	1990.72	116.989	2658.47	2233.59	94.9305	2944.71	2228.64	96.2351
2.3	2941.99	1987.54	112.78	2657.16	1990.71	117.036	2658.43	2233.55	94.9719	2944.69	2228.62	96.2549
2.35	2941.89	1987.52	112.715	2657.03	1990.74	116.915	2658.45	2233.56	94.9606	2944.7	2228.66	96.2317
2.4	2941.93	1987.55	112.786	2657.15	1990.73	117.007	2658.43	2233.53	94.9899	2944.66	2228.64	96.2261
2.45	2941.88	1987.55	112.715	2656.98	1990.79	116.928	2658.44	2233.46	94.894	2944.64	2228.61	96.2073
2.5	2942	1987.56	112.778	2657.16	1990.87	117.083	2658.44	2233.44	94.896	2944.64	2228.62	96.2178
2.55	2941.95	1987.39	112.875	2656.94	1990.74	116.959	2658.5	2233.34	94.9974	2944.63	2228.53	96.2406
2.6	2942.01	1987.56	112.784	2657.14	1990.77	116.977	2658.5	2233.56	94.932	2944.66	2228.64	96.1569
2.65	2941.95	1987.55	112.81	2657.16	1990.79	117.041	2658.53	2233.53	94.9409	2944.69	2228.7	96.288
2.7	2942.03	1987.47	112.845	2657.18	1990.73	117.015	2658.81	2233.24	94.7649	2944.67	2228.64	96.2531
2.75	2941.76	1987.7	112.749	2657.04	1990.85	117.007	2658.51	2233.55	94.8861	2944.67	2228.7	96.2122
2.8	2941.9	1987.53	112.791	2657.13	1990.73	116.97	2658.47	2233.46	94.9561	2944.62	2228.68	96.1968
2.85	2941.67	1987.71	112.864	2656.98	1990.76	116.947	2658.15	2233.64	95.1051	2944.63	2228.57	96.1941
2.9	2941.97	1987.6	112.793	2657.16	1990.84	117.003	2658.24	2233.6	94.9584	2944.63	2228.68	96.1749
2.95	2941.59	1987.72	112.777	2656.92	1990.78	116.969	2658.17	2233.6	94.9939	2944.59	2228.58	96.2407
3	2942	1987.6	112.786	2657.15	1990.79	116.992	2658.93	2233.25	94.61	2944.67	2228.68	96.2048
3.05	2942.06	1987.41	112.73	2657.08	1990.81	117.015	2658.48	2233.55	94.9399	2944.64	2228.65	96.2417
3.1	2942.02	1987.45	112.771	2657.14	1990.78	117.074	2658.42	2233.57	94.9829	2944.67	2228.66	96.2697
3.15	2941.86	1987.58	112.699	2656.95	1990.86	116.907	2658.85	2233.16	94.5157	2944.66	2228.73	96.2006
3.2	2941.91	1987.52	112.812	2657.15	1990.81	116.966	2658.3	2233.6	95.0709	2944.65	2228.7	96.2184
3.25	2941.86	1987.51	112.728	2656.94	1990.8	116.933	2658.41	2233.46	94.9099	2944.58	2228.61	96.2001
3.3	2941.97	1987.61	112.785	2657.16	1990.81	116.964	2658.42	2233.5	94.8433	2944.6	2228.68	96.158
3.35	2941.84	1987.45	112.802	2656.95	1990.81	116.983	2658.38	2233.39	94.9838	2944.59	2228.61	96.2178
3.4	2941.98	1987.59	112.802	2657.14	1990.85	116.99	2658.46	2233.62	94.9712	2944.63	2228.71	96.1683
3.45	2941.93	1987.59	112.8	2657.09	1990.83	116.939	2658.45	2233.56	94.9497	2944.63	2228.71	96.1511
3.5	2941.93	1987.55	112.837	2657.11	1990.79	117.041	2658.41	2233.52	95.0223	2944.66	2228.72	96.334
3.55	2941.89	1987.59	112.718	2656.91	1990.91	116.943	2658.46	2233.64	94.907	2944.6	2228.74	96.1812
3.6	2941.92	1987.48	112.844	2657.08	1990.84	117	2658.42	2233.52	94.9854	2944.64	2228.71	96.2181
3.65	2941.83	1987.51	112.767	2656.88	1990.87	116.89	2658.4	2233.43	94.925	2944.55	2228.66	96.1902
3.7	2941.93	1987.67	112.765	2657.15	1990.9	116.914	2658.43	2233.51	94.8655	2944.6	2228.7	96.0895
3.75	2941.8	1987.49	112.799	2656.88	1990.86	116.959	2658.37	2233.37	94.9426	2944.57	2228.64	96.2388
3.8	2941.96	1987.6	112.803	2657.1	1990.89	116.992	2658.43	2233.61	94.9366	2944.6	2228.74	96.1857
3.85	2941.93	1987.6	112.799	2657.07	1990.92	116.93	2658.41	2233.62	94.9662	2944.62	2228.8	96.1678
3.9	2941.94	1987.56	112.871	2657.03	1990.81	117.065	2658.52	2233.42	94.9823	2944.58	2228.66	96.2567
3.95	2941.87	1987.57	112.724	2656.9	1990.93	116.881	2658.48	2233.6	94.9146	2944.64	2228.79	96.2101
4	2941.88	1987.55	112.837	2657.01	1990.91	116.968	2658.39	2233.57	95.0166	2944.6	2228.74	96.1879
4.05	2941.83	1987.53	112.776	2656.92	1990.92	116.925	2658.19	2233.59	95.048	2944.6	2228.65	96.1799
4.1	2941.96	1987.64	112.793	2657.07	1990.94	116.927	2658.06	2233.76	95.0228	2944.56	2228.72	96.1331
4.15	2941.8	1987.47	112.806	2656.86	1990.95	116.891	2658.11	2233.59	95.0894	2944.52	2228.76	96.1658
4.2	2941.97	1987.59	112.828	2657.05	1991.01	117.071	2658.47	2233.56	94.9586	2944.62	2228.76	96.1814
4.25	2941.93	1987.64	112.809	2657.09	1990.96	116.974	2658.45	2233.62	94.9437	2944.6	2228.8	96.1229
4.3	2941.88	1987.63	112.82	2657.04	1990.86	116.995	2658.41	2233.49	94.996	2944.56	2228.7	96.1414
4.35	2941.83	1987.63	112.722	2656.89	1990.98	116.898	2658.44	2233.63	94.9354	2944.62	2228.86	96.2273
4.4	2941.87	1987.58	112.817	2657.03	1990.96	116.957	2658.69	2233.33	94.8652	2944.59	2228.79	96.1826
4.45	2941.8	1987.55	112.7	2656.95	1990.98	117.028	2658.4	2233.46	94.9221	2944.54	2228.71	96.198
4.5	2941.92	1987.63	112.8	2657.09	1990.98	116.911	2658.4	2233.47	94.8435	2944.5	2228.78	96.051
4.55	2941.8	1987.52	112.787	2656.87	1990.94	116.908	2658.41	2233.44	94.9097	2944.55	2228.67	96.1541
4.6	2941.92	1987.63	112.783	2657.05	1991	116.965	2658.42	2233.66	94.8977	2944.59	2228.89	96.1527
4.65	2941.89	1987.59	112.799	2657.03	1990.99	116.963	2658.38	2233.62	94.9924	2944.58	2228.83	96.1438
4.7	2941.9	1987.58	112.868	2657.08	1990.91	116.965	2659.13	2233.03	94.502	2944.59	2228.8	96.1644
4.75	2941.83	1987.68	112.704	2656.85	1990.96	116.896	2658.55	2233.53	94.8457	2944.56	2228.8	96.1432
4.8	2941.85	1987.59	112.861	2657.03	1991	116.975	2658.57	2233.4	94.9073	2944.59	2228.83	96.2412
4.85	2941.57	1987.94	112.907	2656.84	1990.99	116.894	2658.13	2233.7	95.1044	2944.49	2228.75	96.1561
4.9	2942.02	1987.53	112.798	2657.08	1991.05	116.88	2658.35	2233.55	94.9283	2944.59	2228.8	96.0875
4.95	2941.56	1987.79	112.929	2656.82	1990.99	116.898	2658.25	2233.49	95	2944.51	2228.72	96.1831
5	2941.97	1987.64	112.783	2657.01	1991.05	116.941	2658.9	2233.23	94.6367	2944.57	2228.88	96.1184
5.05	2941.88	1987.54	112.874	2656.97	1991.11	117.02	2658.55	2233.44	94.9154	2944.55	2228.85	96.1348
5.1	2941.91	1987.61	112.828	2657.04	1990.99	116.974	2658.55	2233.49	94.9619	2944.57	2228.85	96.1782
5.15	2941.87	1987.53	112.717	2656.82	1990.99	116.779	2658.89	2233.14	94.7855	2944.53	2228.82	96.0483
5.2	2941.87	1987.51	112.878	2656.99	1991.04	117.01	2658.25	2233.6	95.1125	2944.57	2228.85	96.2728
5.25	2941.82	1987.59	112.736	2656.79	1991.04	116.893	2658.21	2233.72	95.0243	2944.47	2228.79	96.1405
5.3	2941.91	1987.61	112.808	2657.04	1991.07	116.956	2658.39	2233.48	94.8794	2944.51	2228.8	96.1432
5.35	2941.81	1987.47	112.836	2656.79	1991.05	116.859	2658.36	2233.39	94.9419	2944.47	2228.78	96.1615
5.4	2941.85	1987.67	112.779	2657.04	1991.06	116.874	2658.36	2233.7	94.9352	2944.59	2228.88	96.0725
5.45	2941.87	1987.58	112.869	2657.03	1991.03	116.957	2658.39	2233.58	95.0217	2944.54	2228.94	96.1449
5.5	2941.89	1987.6	112.852	2657	1991.02	117.004	2658.39	2233.57	94.9973	2944.53	2228.84	96.1724
5.55	2941.82	1987.62	112.765	2656.83	1991.12	116.81	2658.42	2233.64	94.9222	2944.54	2228.95	96.0927
5.6	2941.87	1987.55	112.89	2656.91	1990.96	116.996	2658.48	2233.39	95.0176	2944.49	2228.78	96.2111
5.65	2941.81	1987.63	112.749	2656.79	1991.09	116.842	2658.28	2233.65	95.0087	2944.52	2228.86	96.1825
5.7	2941.92	1987.6	112.846	2657.03	1991.06	116.903	2658.17	2233.74	95.1542	2944.46	2228.84	96.0822
5.75	2941.73	1987.53	112.808	2656.79	1991.1	116.887	2658.12	2233.56	95.1135	2944.51	2228.78	96.1237
5.8	2941.9	1987.65	112.78	2657.04	1991.1	116.923	2658.87	2233.27	94.6091	2944.52	2228.94	96.0775
5.85	2941.88	1987.57	112.87	2656.95	1991.14	116.937	2658.48	2233.48	94.9717	2944.48	2228.98	96.1061
5.9	2941.86	1987.62	112.848	2656.96	1991.2	117.053	2658.49	2233.48	94.9255	2944.51	2228.9	96.1542
5.95	2941.84	1987.61	112.759	2656.8	1991.17	116.788	2658.88	2233.29	94.7515	2944.52	2228.96	96.0551
6	2941.8	1987.58	112.859	2656.93	1991	116.927	2658.78	2233.1	94.8489	2944.47	2228.81	96.0941
6.05	2941.8	1987.63	112.742	2656.8	1991.16	116.886	2658.29	2233.58	94.9131	2944.49	2228.91	96.2242
6.1	2941.9	1987.64	112.852	2656.94	1991.17	116.912	2658.39	2233.45	94.9026	2944.43	2228.9	96.1079
6.15	2941.74	1987.47	112.813	2656.84	1991.15	117.034	2658.36	2233.39	94.9703	2944.45	2228.8	96.1792
6.2	2941.92	1987.66	112.788	2656.97	1991.19	116.866	2658.42	2233.66	94.8833	2944.47	2229.02	96.0251
6.25	2941.89	1987.59	112.88	2656.97	1991.15	116.907	2658.4	2233.56	94.9868	2944.55	2228.88	96.074
6.3	2941.88	1987.63	112.846	2656.96	1991.13	116.969	2658.53	2233.47	94.9052	2944.51	2228.96	96.152
6.35	2941.76	1987.66	112.707	2656.78	1991.21	116.818	2658.96	2233.18	94.6943	2944.48	2228.98	96.0436
6.4	2941.84	1987.58	112.895	2656.95	1991.08	116.902	2658.39	2233.52	95.0123	2944.48	2228.91	96.1266
6.45	2941.8	1987.7	112.739	2656.72	1991.08	116.91	2658.23	2233.73	94.9482	2944.38	2228.78	96.1324
6.5	2941.86	1987.67	112.844	2656.96	1991.18	116.919	2658.17	2233.63	95.0292	2944.48	2228.91	96.1533
6.55	2941.77	1987.55	112.799	2656.76	1991.14	116.918	2658.34	2233.49	94.9783	2944.41	2228.86	96.144
6.6	2941.9	1987.68	112.793	2657	1991.24	116.844	2658.47	2233.69	94.892	2944.55	2228.98	96.0189
6.65	2941.85	1987.6	112.908	2656.9	1991.17	116.913	2658.36	2233.55	95.0137	2944.47	2228.94	96.106
6.7	2941.87	1987.65	112.816	2656.9	1991.2	116.874	2658.4	2233.61	95.0035	2944.45	2229.01	96.101
6.75	2941.78	1987.63	112.763	2656.8	1991.26	116.835	2658.73	2233.39	94.7333	2944.48	2229.01	96.0656
6.8	2941.83	1987.6	112.864	2656.9	1991.14	116.907	2658.58	2233.39	94.9642	2944.46	2228.94	96.1191
6.85	2941.81	1987.59	112.785	2656.72	1991.18	116.773	2658.35	2233.55	94.9518	2944.38	2228.86	95.95
6.9	2941.86	1987.68	112.867	2656.93	1991.26	116.952	2658.37	2233.45	94.9463	2944.45	2228.99	96.1978
6.95	2941.74	1987.6	112.814	2656.7	1991.21	116.852	2658.37	2233.43	94.952	2944.37	2228.89	96.1123
7	2941.88	1987.68	112.785	2656.96	1991.26	116.926	2658.43	2233.61	94.9412	2944.48	2229.03	96.073
7.05	2941.86	1987.61	112.903	2656.93	1991.21	116.891	2658.38	2233.53	95.0116	2944.42	2229.03	96.0638
7.1	2941.83	1987.67	112.846	2656.96	1991.22	116.919	2658.38	2233.6	94.9811	2944.5	2228.94	96.0582
7.15	2941.78	1987.63	112.792	2656.78	1991.34	116.802	2658.42	2233.58	94.939	2944.46	2229.13	96.0701
7.2	2941.85	1987.59	112.894	2656.86	1991.22	116.92	2658.41	2233.55	95.0212	2944.42	2228.95	96.0717
7.25	2941.75	1987.66	112.759	2656.75	1991.27	116.794	2658.43	2233.51	94.8428	2944.38	2228.96	96.03
7.3	2941.86	1987.68	112.878	2656.81	1991.2	116.923	2658.38	2233.45	94.9462	2944.32	2228.83	96.1049
7.35	2941.78	1987.6	112.814	2656.72	1991.24	116.831	2658.39	2233.43	94.9294	2944.44	2228.97	96.1564
7.4	2941.87	1987.65	112.838	2656.96	1991.27	116.887	2658.41	2233.6	94.98	2944.43	2229.06	96.0697
7.45	2941.8	1987.58	112.88	2656.96	1991.25	116.889	2658.37	2233.54	95.0302	2944.49	2229	96.0771
7.5	2941.88	1987.69	112.842	2656.92	1991.27	116.902	2658.43	2233.57	94.9534	2944.42	2229.04	96.0475
7.55	2941.77	1987.64	112.783	2656.68	1991.4	116.772	2658.42	2233.58	94.9514	2944.4	2229.12	96.0099
7.6	2941.8	1987.56	112.903	2656.82	1991.35	116.992	2658.4	2233.53	95.0217	2944.42	2229.02	96.0922
7.65	2941.81	1987.65	112.783	2656.72	1991.36	116.782	2658.27	2233.67	94.9778	2944.36	2229.02	95.9965
7.7	2941.85	1987.66	112.926	2656.89	1991.19	116.843	2658.2	2233.59	95.0326	2944.31	2228.88	95.9301
7.75	2941.73	1987.62	112.789	2656.73	1991.31	116.892	2658.35	2233.47	94.9131	2944.39	2229.03	96.2285
7.8	2941.86	1987.71	112.8	2656.87	1991.32	116.826	2658.46	2233.61	94.8887	2944.36	2229.12	96.056
7.85	2941.83	1987.61	112.877	2656.89	1991.28	116.965	2658.77	2233.21	94.7869	2944.4	2228.99	96.0945
7.9	2941.88	1987.7	112.826	2656.89	1991.35	116.881	2658.75	2233.31	94.6779	2944.37	2229.13	96.0127
7.95	2941.75	1987.68	112.778	2656.76	1991.35	116.774	2658.34	2233.62	95.0156	2944.48	2229.05	95.9532
8	2941.81	1987.62	112.88	2656.81	1991.32	116.866	2658.63	2233.35	94.8462	2944.38	2229.08	96.1063
8.05	2941.72	1987.71	112.737	2656.68	1991.37	116.765	2658.16	2233.7	94.9209	2944.33	2229.05	95.9875
8.1	2941.83	1987.68	112.89	2656.88	1991.32	116.844	2657.94	2233.79	95.2269	2944.34	2229.02	96.046
8.15	2941.76	1987.65	112.801	2656.57	1991.23	116.881	2658.2	2233.69	95.0154	2944.24	2228.85	96.1169
8.2	2941.88	1987.71	112.821	2656.91	1991.37	116.837	2658.4	2233.68	94.9745	2944.45	2229.15	96.0687
8.25	2941.81	1987.61	112.875	2656.84	1991.35	116.897	2658.51	2233.46	94.946	2944.37	2229.09	96.0757
8.3	2941.77	1987.77	112.884	2656.9	1991.38	116.834	2658.5	2233.57	94.9093	2944.46	2229.09	96.0266
8.35	2941.56	1987.88	112.87	2656.68	1991.41	116.746	2658.29	2233.66	94.9747	2944.37	2229.14	96.0006
8.4	2941.85	1987.56	112.851	2656.81	1991.44	116.848	2658.8	2233.19	94.7528	2944.32	2229.18	96.0045
8.45	2941.52	1987.85	112.922	2656.75	1991.44	116.827	2658.23	2233.63	94.9354	2944.34	2229.09	95.9937
8.5	2941.83	1987.68	112.826	2656.85	1991.39	116.862	2658.06	2233.71	95.1478	2944.3	2229.02	96.0051
8.55	2941.5	1987.94	112.866	2656.63	1991.34	116.781	2658.2	2233.63	95.0411	2944.27	2228.94	95.9033
8.6	2941.87	1987.7	112.826	2656.9	1991.47	116.929	2658.46	2233.62	94.9132	2944.41	2229.23	96.1471
8.65	2941.82	1987.63	112.874	2656.84	1991.39	116.869	2658.41	2233.55	94.9987	2944.33	2229.12	96.0876
8.7	2941.86	1987.72	112.816	2656.91	1991.4	116.898	2658.45	2233.63	94.9214	2944.36	2229.15	95.9938
8.75	2941.75	1987.58	112.823	2656.66	1991.48	116.772	2658.35	2233.57	95.0454	2944.31	2229.17	95.9569
8.8	2941.81	1987.64	112.828	2656.89	1991.38	116.846	2658.69	2233.41	94.745	2944.43	2229.04	95.9572
8.85	2941.78	1987.66	112.765	2656.72	1991.55	116.745	2658.23	2233.66	94.9984	2944.31	2229.21	95.9395
8.9	2941.86	1987.62	112.932	2656.85	1991.37	116.889	2658.13	2233.6	95.064	2944.26	2229.04	96.0144
8.95	2941.74	1987.66	112.778	2656.67	1991.43	116.755	2658.12	2233.7	95.0751	2944.32	2229.07	95.9524
9	2941.85	1987.75	112.821	2656.79	1991.39	116.873	2658.38	2233.66	94.9924	2944.25	2229.07	96.0361
9.05	2941.81	1987.64	112.883	2656.81	1991.42	116.91	2658.36	2233.59	95.0725	2944.39	2229.14	96.1359
9.1	2941.9	1987.72	112.797	2656.86	1991.49	116.84	2658.94	2233.17	94.5013	2944.32	2229.21	95.9768
9.15	2941.71	1987.53	112.861	2656.69	1991.49	116.752	2658.66	2233.39	94.8412	2944.41	2229.16	95.9641
9.2	2941.81	1987.65	112.869	2656.75	1991.43	116.839	2658.55	2233.38	94.8604	2944.32	2229.11	96.0298
9.25	2941.76	1987.67	112.722	2656.65	1991.61	116.719	2658.42	2233.55	94.8761	2944.28	2229.18	95.9011
9.3	2941.78	1987.59	112.949	2656.78	1991.56	116.936	2658.33	2233.4	95.0029	2944.28	2229.08	96.009
9.35	2941.8	1987.61	112.822	2656.62	1991.49	116.772	2658.42	2233.47	94.9232	2944.26	2229.11	95.9608
9.4	2941.87	1987.66	112.832	2656.8	1991.46	116.797	2658.4	2233.62	94.9949	2944.27	2229.14	95.8448
9.45	2941.8	1987.63	112.884	2656.84	1991.43	116.926	2658.34	2233.54	95.0704	2944.36	2229.19	96.2206
9.5	2941.85	1987.76	112.791	2656.79	1991.5	116.823	2658.4	2233.7	94.929	2944.26	2229.21	96.0094
9.55	2941.74	1987.62	112.826	2656.72	1991.57	116.914	2658.36	2233.55	95.0203	2944.33	2229.19	96.0132
9.6	2941.7	1987.76	112.899	2656.79	1991.47	116.847	2658.35	2233.56	94.9943	2944.25	2229.23	95.9611
9.65	2941.52	1987.86	112.888	2656.71	1991.53	116.708	2658.15	2233.73	94.993	2944.33	2229.1	95.8531
9.7	2941.95	1987.45	112.887	2656.8	1991.57	116.884	2658.22	2233.54	95.0623	2944.25	2229.17	95.9913
9.75	2941.44	1987.98	112.783	2656.6	1991.52	116.752	2658.31	2233.58	94.8982	2944.23	2229.14	95.931
9.8	2941.96	1987.56	112.778	2656.83	1991.49	116.738	2658.56	2233.52	94.8657	2944.31	2229.27	95.9525
9.85	2941.82	1987.64	112.877	2656.69	1991.38	116.932	2658.4	2233.48	95.0138	2944.19	2229.04	96.082
9.9	2941.82	1987.78	112.806	2656.84	1991.57	116.813	2658.95	2233.21	94.5859	2944.35	2229.26	96.0056
9.95	2941.53	1987.86	113.02	2656.61	1991.55	116.788	2658.85	2232.95	94.5549	2944.28	2229.24	95.96
10	2941.81	1987.65	112.858	2656.83	1991.52	116.842	2658.38	2233.62	95.0001	2944.37	2229.18	95.948
10.05	2941.76	1987.66	112.754	2656.62	1991.61	116.679	2658.37	2233.53	94.8728	2944.23	2229.23	95.8533
10.1	2941.84	1987.58	112.915	2656.74	1991.63	116.818	2658.34	2233.39	95.0112	2944.16	2229.26	95.9275
10.15	2941.77	1987.63	112.771	2656.65	1991.6	116.773	2658.38	2233.48	94.905	2944.26	2229.2	95.9236
10.2	2941.85	1987.69	112.823	2656.78	1991.64	116.831	2658.41	2233.6	94.9675	2944.27	2229.26	95.902
10.25	2941.81	1987.62	112.889	2656.7	1991.49	116.822	2658.32	2233.61	95.0076	2944.2	2229.14	95.9027
10.3	2941.86	1987.71	112.808	2656.84	1991.6	116.808	2658.43	2233.65	94.9723	2944.32	2229.38	96.097
10.35	2941.74	1987.58	112.833	2656.59	1991.58	116.781	2658.51	2233.44	94.9386	2944.23	2229.25	95.9612
10.4	2941.82	1987.67	112.822	2656.76	1991.61	116.886	2658.44	2233.55	94.9421	2944.26	2229.24	95.9635
10.45	2941.77	1987.67	112.789	2656.59	1991.71	116.67	2658.27	2233.59	94.9205	2944.15	2229.32	95.8231
10.5	2941.84	1987.66	112.854	2656.82	1991.54	116.779	2658.29	2233.5	94.9652	2944.26	2229.11	95.8752
10.55	2941.76	1987.64	112.757	2656.61	1991.74	116.705	2658.29	2233.6	94.9462	2944.21	2229.33	95.8804
10.6	2941.85	1987.66	112.877	2656.75	1991.63	116.818	2658.72	2233.3	94.8785	2944.23	2229.28	95.8845
10.65	2941.78	1987.67	112.867	2656.79	1991.52	116.784	2658.6	2233.44	94.8833	2944.24	2229.26	95.9355
10.7	2941.85	1987.79	112.767	2656.69	1991.56	116.816	2658.53	2233.56	94.8489	2944.16	2229.2	95.9634
10.75	2941.6	1987.73	112.936	2656.58	1991.63	116.763	2658.83	2233.14	94.7355	2944.3	2229.32	96.0367
10.8	2941.9	1987.54	112.743	2656.75	1991.61	116.791	2658.11	2233.75	95.1514	2944.2	2229.28	95.9362
10.85	2941.75	1987.63	112.774	2656.65	1991.7	116.68	2658.36	2233.49	94.9272	2944.32	2229.26	95.8003
10.9	2941.81	1987.62	112.91	2656.76	1991.6	116.891	2658.31	2233.4	94.9574	2944.15	2229.16	95.9326
10.95	2941.74	1987.64	112.728	2656.53	1991.81	116.665	2658.39	2233.51	94.8748	2944.15	2229.36	95.8374
11	2941.78	1987.67	112.874	2656.74	1991.8	116.866	2658.37	2233.6	94.9895	2944.26	2229.39	95.8599
11.05	2941.83	1987.61	112.89	2656.75	1991.61	116.86	2658.37	2233.57	95.0472	2944.22	2229.26	95.9476
11.1	2941.84	1987.73	112.794	2656.77	1991.63	116.746	2658.43	2233.63	94.9755	2944.16	2229.28	95.76
11.15	2941.74	1987.57	112.843	2656.57	1991.69	116.801	2658.34	2233.54	95.033	2944.26	2229.41	96.1432
11.2	2941.8	1987.7	112.815	2656.73	1991.67	116.799	2658.38	2233.6	94.9935	2944.15	2229.33	95.9753
11.25	2941.73	1987.67	112.762	2656.68	1991.78	116.875	2658.38	2233.49	94.905	2944.18	2229.29	95.8398
11.3	2941.82	1987.63	112.933	2656.77	1991.66	116.846	2658.32	2233.41	94.9675	2944.1	2229.32	95.8633
11.35	2941.69	1987.66	112.81	2656.61	1991.7	116.646	2658.38	2233.5	94.8811	2944.22	2229.23	95.7883
11.4	2941.85	1987.63	112.901	2656.73	1991.81	116.793	2658.38	2233.55	95.0214	2944.2	2229.45	95.8983
11.45	2941.84	1987.62	112.911	2656.69	1991.66	116.805	2658.4	2233.57	95.0085	2944.17	2229.32	95.9058
11.5	2941.87	1987.71	112.795	2656.79	1991.71	116.721	2658.42	2233.68	94.9247	2944.21	2229.43	95.8116
11.55	2941.71	1987.54	112.908	2656.43	1991.54	116.848	2658.33	2233.46	95.1039	2944.05	2229.16	96.0413
11.6	2941.81	1987.71	112.81	2656.75	1991.71	116.826	2658.43	2233.6	94.9362	2944.25	2229.39	95.9994
11.65	2941.74	1987.65	112.757	2656.55	1991.8	116.711	2658.38	2233.54	94.9342	2944.13	2229.37	95.8318
11.7	2941.78	1987.59	112.937	2656.75	1991.67	116.862	2658.27	2233.33	95.025	2944.23	2229.22	95.8713
11.75	2941.72	1987.68	112.721	2656.53	1991.77	116.666	2658.2	2233.68	94.9261	2944.11	2229.34	95.811
11.8	2941.82	1987.71	112.885	2656.68	1991.83	116.74	2658.52	2233.49	94.9547	2944.11	2229.55	95.8131
11.85	2941.79	1987.62	112.91	2656.67	1991.83	116.866	2658.46	2233.48	94.9801	2944.19	2229.41	95.8837
11.9	2941.84	1987.77	112.783	2656.75	1991.81	116.768	2658.62	2233.51	94.8163	2944.17	2229.46	95.7931
11.95	2941.67	1987.63	112.827	2656.47	1991.66	116.687	2658.34	2233.54	95.0925	2944.08	2229.31	95.7908
12	2941.8	1987.69	112.842	2656.74	1991.74	116.817	2658.32	2233.61	95.0021	2944.22	2229.49	96.1027
12.05	2941.74	1987.67	112.754	2656.53	1991.81	116.734	2658.33	2233.58	94.928	2944.03	2229.41	95.8794
12.1	2941.82	1987.6	112.953	2656.72	1991.74	116.933	2658.06	2233.61	95.1737	2944.11	2229.26	95.9185
12.15	2941.75	1987.72	112.731	2656.51	1991.84	116.622	2658.24	2233.67	94.9352	2944.03	2229.48	95.7493
12.2	2941.8	1987.7	112.796	2656.8	1991.73	116.689	2658.57	2233.52	94.8353	2944.24	2229.36	95.7798
12.25	2941.8	1987.64	112.883	2656.68	1991.81	116.814	2658.46	2233.53	94.9673	2944.15	2229.46	95.9142
12.3	2941.86	1987.75	112.81	2656.72	1991.84	116.735	2658.49	2233.57	94.8661	2944.1	2229.47	95.7666
12.35	2941.74	1987.58	112.851	2656.53	1991.76	116.704	2658.51	2233.42	94.9072	2944.13	2229.43	95.8846
12.4	2941.86	1987.7	112.85	2656.55	1991.69	116.849	2658.44	2233.55	94.9415	2943.99	2229.22	95.9614
12.45	2941.73	1987.66	112.77	2656.56	1991.84	116.691	2658.15	2233.7	95.0696	2944.18	2229.47	95.9222
12.5	2941.81	1987.67	112.873	2656.71	1991.8	116.861	2658.19	2233.58	95.1077	2944.05	2229.37	95.8839
12.55	2941.73	1987.68	112.79	2656.52	1991.86	116.654	2658.29	2233.61	94.9524	2944.22	2229.39	95.7249
12.6	2941.85	1987.67	112.867	2656.72	1991.83	116.767	2658.56	2233.42	94.8872	2944.11	2229.47	95.807
12.65	2941.89	1987.55	112.852	2656.74	1991.78	116.715	2658.87	2233.19	94.7404	2944.03	2229.59	95.7841
12.7	2941.98	1987.59	112.791	2656.68	1991.99	116.85	2658.87	2233.25	94.683	2944.15	2229.53	95.7847
12.75	2941.71	1987.67	112.955	2656.49	1991.8	116.69	2658.48	2233.49	95.0146	2944.09	2229.44	95.8745
12.8	2941.86	1987.6	112.918	2656.62	1991.76	116.691	2658.83	2233.13	94.8552	2944.05	2229.41	95.6991
12.85	2941.7	1987.72	112.853	2656.57	1991.89	116.758	2658.28	2233.53	94.9967	2944.11	2229.54	96.022
12.9	2942.07	1987.39	112.8	2656.68	1991.83	116.818	2658.09	2233.68	95.1256	2944.01	2229.4	95.8816
12.95	2941.63	1987.79	112.776	2656.6	1991.94	116.815	2658.17	2233.71	95.0295	2944.07	2229.44	95.796
13	2941.97	1987.52	112.833	2656.72	1991.82	116.774	2658.47	2233.52	94.998	2944.02	2229.57	95.7678
13.05	2942.07	1987.43	112.769	2656.75	1991.81	116.698	2658.5	2233.59	94.9314	2944.19	2229.37	95.7219
13.1	2942	1987.59	112.789	2656.69	1992.04	116.692	2658.92	2233.22	94.6532	2944.08	2229.66	95.7805
13.15	2941.73	1987.58	112.871	2656.47	1991.85	116.698	2658.9	2233.08	94.8384	2944.05	2229.48	95.8219
13.2	2941.95	1987.62	112.761	2656.65	1991.86	116.7	2658.54	2233.54	94.8215	2944.09	2229.53	95.7931
13.25	2941.71	1987.73	112.807	2656.39	1991.77	116.752	2658.23	2233.61	95.0146	2943.88	2229.25	95.8855
13.3	2941.85	1987.64	112.935	2656.67	1991.85	116.826	2658.21	2233.57	95.0662	2944.1	2229.47	95.9712
13.35	2941.76	1987.68	112.713	2656.46	1991.98	116.674	2658.18	2233.72	95.0225	2944	2229.52	95.7666
13.4	2941.83	1987.6	112.911	2656.7	1991.88	116.77	2658.44	2233.54	94.9971	2944.2	2229.53	95.7216
13.45	2941.83	1987.68	112.825	2656.6	1991.92	116.769	2658.46	2233.54	94.9595	2944.04	2229.53	95.8032
13.5	2941.86	1987.71	112.827	2656.66	1992	116.706	2658.53	2233.55	94.892	2944.01	2229.71	95.694
13.55	2941.72	1987.54	112.871	2656.52	1991.91	116.737	2658.29	2233.64	95.0824	2944.08	2229.56	95.8218
13.6	2941.82	1987.71	112.784	2656.59	1991.95	116.735	2658.29	2233.75	95.0621	2944.05	2229.53	95.7518
13.65	2941.74	1987.66	112.794	2656.46	1991.87	116.639	2658.13	2233.7	95.153	2943.94	2229.42	95.6429
13.7	2941.83	1987.66	112.869	2656.67	1991.94	116.856	2658.3	2233.46	94.9994	2944.06	2229.56	96.0479
13.75	2941.74	1987.65	112.758	2656.43	1991.97	116.688	2658.33	2233.54	94.9269	2943.94	2229.54	95.7955
13.8	2941.86	1987.66	112.903	2656.7	1991.93	116.826	2658.32	2233.63	95.0728	2944.05	2229.56	95.8019
13.85	2941.84	1987.64	112.858	2656.64	1991.93	116.719	2658.3	2233.62	95.0038	2943.95	2229.67	95.702
13.9	2941.84	1987.7	112.84	2656.74	1991.92	116.631	2658.6	2233.53	94.7832	2944.17	2229.51	95.6718
13.95	2941.74	1987.59	112.847	2656.48	1992.03	116.674	2658.5	2233.45	94.9211	2944.03	2229.65	95.8174
14	2941.85	1987.65	112.832	2656.62	1991.93	116.692	2658.7	2233.37	94.8503	2944.01	2229.6	95.7522
14.05	2941.75	1987.61	112.795	2656.46	1991.94	116.626	2658.22	2233.57	95.0509	2943.98	2229.55	95.7555
14.1	2941.84	1987.71	112.832	2656.5	1991.81	116.808	2658.2	2233.64	95.0452	2943.79	2229.26	95.9225
14.15	2941.75	1987.68	112.732	2656.44	1991.98	116.612	2658.18	2233.7	95.0477	2944.06	2229.61	95.8868
14.2	2941.86	1987.61	112.9	2656.67	1991.94	116.772	2658.48	2233.4	94.9095	2944	2229.61	95.7957
14.25	2941.83	1987.69	112.855	2656.64	1991.97	116.743	2658.59	2233.56	94.8732	2944.17	2229.6	95.7037
14.3	2941.88	1987.68	112.876	2656.64	1991.96	116.713	2658.53	2233.5	94.9055	2944	2229.66	95.7324
14.35	2941.73	1987.61	112.818	2656.38	1992.14	116.62	2658.5	2233.44	94.9701	2943.91	2229.8	95.7166
14.4	2941.83	1987.7	112.819	2656.61	1992.13	116.796	2658.36	2233.71	94.9667	2944.05	2229.71	95.7371
14.45	2941.81	1987.58	112.871	2656.45	1992.02	116.685	2658.31	2233.58	95.0906	2943.95	2229.57	95.7214
14.5	2941.85	1987.65	112.902	2656.54	1991.93	116.709	2658.18	2233.58	95.1296	2943.88	2229.46	95.6639
14.55	2941.74	1987.69	112.74	2656.44	1992.08	116.647	2658.23	2233.66	94.9893	2943.99	2229.71	95.9288
14.6	2941.81	1987.66	112.901	2656.6	1991.98	116.753	2658.21	2233.69	95.1237	2943.95	2229.65	95.842
14.65	2941.83	1987.71	112.828	2656.63	1992.05	116.786	2658.33	2233.69	95.0236	2944	2229.63	95.766
14.7	2941.84	1987.73	112.836	2656.61	1992.05	116.68	2658.33	2233.66	95.0146	2943.91	2229.82	95.646
14.75	2941.76	1987.57	112.87	2656.49	1991.97	116.615	2658.34	2233.58	95.015	2944.08	2229.53	95.6638
14.8	2941.83	1987.68	112.822	2656.6	1992.16	116.689	2658.35	2233.66	94.9866	2943.99	2229.8	95.7245
14.85	2941.75	1987.63	112.802	2656.43	1992.07	116.64	2658.31	2233.54	94.9521	2943.9	2229.62	95.6924
14.9	2941.88	1987.62	112.888	2656.65	1991.91	116.692	2658.29	2233.49	94.9783	2943.92	2229.59	95.7654
14.95	2941.74	1987.74	112.736	2656.28	1991.95	116.7	2658.35	2233.6	94.9402	2943.75	2229.4	95.8477
15	2941.83	1987.68	112.856	2656.62	1991.97	116.681	2658.72	2233.27	94.7977	2944.06	2229.76	95.9332
15.05	2941.84	1987.65	112.809	2656.57	1992.07	116.738	2658.32	2233.71	95.031	2943.95	2229.74	95.7612
15.1	2941.84	1987.69	112.853	2656.63	1992.07	116.736	2658.31	2233.68	95.0129	2944.12	2229.7	95.6332
15.15	2941.74	1987.61	112.825	2656.43	1992.06	116.663	2658.31	2233.6	95.0256	2943.94	2229.69	95.7091
15.2	2941.84	1987.67	112.844	2656.59	1992.15	116.684	2658.34	2233.64	95.0112	2943.87	2229.9	95.6758
15.25	2941.74	1987.58	112.857	2656.47	1992.08	116.65	2658.3	2233.51	94.993	2943.94	2229.7	95.7241
15.3	2941.85	1987.71	112.847	2656.55	1992.08	116.699	2658.36	2233.51	94.9908	2943.88	2229.62	95.7229
15.35	2941.73	1987.65	112.783	2656.36	1992.06	116.588	2658.32	2233.49	94.9474	2943.84	2229.59	95.5945
15.4	2941.81	1987.66	112.891	2656.61	1992.09	116.757	2658.33	2233.62	95.0371	2943.99	2229.81	95.9811
15.45	2941.83	1987.69	112.813	2656.52	1992.12	116.725	2658.35	2233.62	94.9889	2943.89	2229.76	95.781
15.5	2941.83	1987.71	112.882	2656.65	1992.11	116.767	2658.37	2233.63	95.0306	2943.96	2229.75	95.7422
15.55	2941.72	1987.6	112.829	2656.36	1992.14	116.593	2658.32	2233.58	95.0513	2943.86	2229.85	95.6898
15.6	2941.77	1987.7	112.837	2656.64	1992.06	116.558	2658.34	2233.65	95.011	2944.07	2229.68	95.5803
15.65	2941.58	1987.78	112.894	2656.43	1992.21	116.615	2658.33	2233.45	94.9994	2943.88	2229.8	95.7083
15.7	2941.85	1987.68	112.9	2656.56	1992.08	116.685	2658.32	2233.48	94.9375	2943.83	2229.68	95.7198
15.75	2941.54	1987.88	112.844	2656.4	1992.12	116.542	2658.38	2233.51	94.8938	2943.88	2229.74	95.6631
15.8	2941.95	1987.5	112.818	2656.5	1991.95	116.805	2658.34	2233.6	95.0743	2943.74	2229.48	95.9147
15.85	2941.85	1987.7	112.828	2656.57	1992.15	116.688	2658.37	2233.65	95.0081	2944.03	2229.86	95.9053
15.9	2941.99	1987.48	112.755	2656.56	1992.15	116.707	2658.35	2233.64	95.0358	2943.88	2229.82	95.744
15.95	2941.71	1987.64	112.834	2656.4	1992.13	116.665	2658.35	2233.58	95.021	2944.06	2229.74	95.646
16	2941.89	1987.57	112.746	2656.55	1992.16	116.672	2658.37	2233.6	94.979	2943.9	2229.82	95.6855
16.05	2941.76	1987.59	112.865	2656.34	1992.32	116.583	2657.82	2233.9	95.275	2943.77	2229.93	95.6495
16.1	2941.86	1987.65	112.875	2656.54	1992.28	116.746	2658.38	2233.49	94.9155	2943.88	2229.82	95.6809
16.15	2941.8	1987.57	112.829	2656.35	1992.19	116.602	2658.41	2233.46	94.9669	2943.83	2229.73	95.6808
16.2	2941.83	1987.68	112.866	2656.47	1992.11	116.661	2658.36	2233.57	95.0002	2943.84	2229.73	95.6471
16.25	2941.82	1987.72	112.806	2656.61	1992.21	116.701	2658.4	2233.67	94.9355	2943.94	2229.96	95.9197
16.3	2941.79	1987.68	112.857	2656.55	1992.15	116.688	2658.35	2233.57	95.063	2943.83	2229.82	95.776
16.35	2941.73	1987.64	112.773	2656.45	1992.22	116.797	2658.38	2233.59	94.9862	2943.9	2229.79	95.7538
16.4	2941.82	1987.69	112.776	2656.53	1992.21	116.598	2658.55	2233.51	94.8673	2943.81	2230.02	95.5728
16.45	2941.76	1987.59	112.83	2656.43	1992.14	116.589	2658.21	2233.62	95.0244	2943.94	2229.61	95.6206
16.5	2942.11	1987.41	112.767	2656.58	1992.29	116.669	2658.32	2233.58	94.9462	2943.83	2229.92	95.6752
16.55	2941.74	1987.64	112.792	2656.36	1992.21	116.564	2658.3	2233.53	94.924	2943.8	2229.8	95.6559
16.6	2941.87	1987.63	112.883	2656.61	1992.07	116.655	2658.48	2233.48	94.9537	2943.88	2229.84	95.7605
16.65	2941.86	1987.78	112.797	2656.46	1992.09	116.68	2658.59	2233.5	94.8147	2943.68	2229.65	95.8112
16.7	2941.84	1987.66	112.891	2656.56	1992.16	116.662	2658.45	2233.49	94.996	2943.97	2229.97	95.8889
16.75	2941.77	1987.62	112.777	2656.32	1992.23	116.641	2659.03	2232.82	94.3813	2943.83	2229.89	95.7476
16.8	2941.87	1987.69	112.82	2656.52	1992.25	116.632	2658.36	2233.67	94.9893	2944.06	2229.87	95.5575
16.85	2941.73	1987.58	112.862	2656.34	1992.22	116.617	2658.3	2233.44	94.983	2943.79	2229.81	95.7026
16.9	2941.86	1987.71	112.839	2656.5	1992.31	116.62	2658.23	2233.61	94.9908	2943.71	2230.02	95.6262
16.95	2941.73	1987.63	112.779	2656.4	1992.29	116.587	2658.14	2233.75	95.0729	2943.83	2229.93	95.621
17	2941.83	1987.65	112.883	2656.47	1992.23	116.702	2658.93	2233.15	94.8573	2943.81	2229.87	95.7026
17.05	2941.9	1987.66	112.858	2656.52	1992.21	116.595	2658.55	2233.47	94.8922	2943.79	2229.89	95.5659
17.1	2941.85	1987.69	112.902	2656.61	1992.24	116.753	2658.26	2233.65	95.0752	2943.88	2230	95.9242
17.15	2941.73	1987.64	112.814	2656.34	1992.22	116.638	2658.35	2233.59	95.0242	2943.77	2229.9	95.7684
17.2	2941.85	1987.72	112.832	2656.56	1992.28	116.678	2658.38	2233.67	94.9532	2943.86	2229.94	95.697
17.25	2941.75	1987.59	112.875	2656.34	1992.26	116.576	2658.31	2233.4	94.96	2943.71	2229.94	95.616
17.3	2941.81	1987.72	112.889	2656.62	1992.23	116.637	2658.38	2233.51	94.9166	2943.92	2229.72	95.5481
17.35	2941.74	1987.66	112.787	2656.37	1992.42	116.539	2658.25	2233.58	95.0195	2943.78	2230.07	95.6332
17.4	2941.84	1987.65	112.917	2656.52	1992.22	116.681	2658.81	2233.2	94.8883	2943.78	2229.93	95.7076
17.45	2941.86	1987.71	112.8	2656.55	1992.21	116.57	2658.37	2233.67	94.9589	2943.85	2229.98	95.6394
17.5	2941.85	1987.67	112.893	2656.43	1992.13	116.722	2658.35	2233.55	95.0161	2943.64	2229.68	95.8611
17.55	2941.74	1987.63	112.831	2656.31	1992.27	116.608	2658.39	2233.57	95.031	2943.92	2230	95.8936
17.6	2941.85	1987.7	112.802	2656.49	1992.34	116.654	2658.39	2233.63	94.9579	2943.78	2230.04	95.6992
17.65	2941.45	1987.84	112.961	2656.32	1992.3	116.628	2658.26	2233.39	95.0363	2943.95	2229.85	95.5833
17.7	2941.95	1987.59	112.861	2656.53	1992.28	116.649	2658.35	2233.43	94.8676	2943.74	2229.91	95.6542
17.75	2941.73	1987.64	112.773	2656.29	1992.46	116.506	2658.38	2233.48	94.9014	2943.68	2230.15	95.5719
17.8	2941.81	1987.64	112.901	2656.47	1992.38	116.743	2658.38	2233.54	95.0321	2943.83	2230.02	95.6942
17.85	2941.83	1987.73	112.807	2656.49	1992.3	116.602	2658.38	2233.61	94.9381	2943.8	2230.02	95.6725
17.9	2941.87	1987.67	112.882	2656.47	1992.27	116.6	2658.4	2233.57	95.0173	2943.73	2229.96	95.599
17.95	2941.77	1987.61	112.821	2656.33	1992.34	116.629	2658.36	2233.58	95.0043	2943.84	2230.09	95.9269
18	2941.83	1987.66	112.8	2656.45	1992.36	116.66	2658.41	2233.57	94.9724	2943.71	2230.04	95.751
18.05	2941.57	1987.82	112.891	2656.41	1992.36	116.722	2658.39	2233.46	94.9304	2943.75	2229.91	95.6818
18.1	2942.01	1987.53	112.798	2656.46	1992.36	116.626	2658.37	2233.43	94.8981	2943.64	2230.06	95.5496
18.15	2941.53	1987.86	112.851	2656.39	1992.35	116.484	2658.4	2233.48	94.8851	2943.88	2229.85	95.5094
18.2	2941.96	1987.47	112.844	2656.49	1992.36	116.645	2658.39	2233.55	95.0458	2943.78	2230.13	95.7168
18.25	2941.85	1987.74	112.78	2656.47	1992.35	116.579	2658.42	2233.66	94.9047	2943.76	2230.08	95.625
18.3	2941.83	1987.7	112.875	2656.53	1992.27	116.603	2658.37	2233.55	95.0221	2943.79	2230.04	95.6639
18.35	2941.64	1987.85	112.817	2656.18	1992.18	116.678	2658.41	2233.54	95.0203	2943.56	2229.74	95.8584
18.4	2941.89	1987.68	112.761	2656.49	1992.36	116.607	2658.46	2233.61	94.9341	2943.87	2230.14	95.8025
18.45	2941.74	1987.61	112.868	2656.27	1992.38	116.594	2658.35	2233.45	95.0098	2943.69	2230	95.6882
18.5	2941.81	1987.75	112.841	2656.49	1992.31	116.641	2658.33	2233.39	94.9231	2943.91	2229.93	95.5592
18.55	2941.74	1987.65	112.747	2656.29	1992.4	116.548	2658.39	2233.45	94.9177	2943.72	2230.01	95.6112
18.6	2941.84	1987.64	112.893	2656.47	1992.45	116.64	2658.59	2233.4	94.9155	2943.65	2230.32	95.5808
18.65	2941.84	1987.67	112.842	2656.44	1992.49	116.635	2658.65	2233.39	94.8595	2943.8	2230.17	95.623
18.7	2941.85	1987.67	112.832	2656.46	1992.39	116.599	2658.6	2233.45	94.948	2943.75	2230.09	95.619
18.75	2941.75	1987.64	112.833	2656.25	1992.33	116.529	2658.49	2233.49	94.9661	2943.7	2230.03	95.587
18.8	2941.84	1987.66	112.811	2656.48	1992.42	116.639	2658.35	2233.62	94.999	2943.8	2230.2	95.8683
18.85	2941.76	1987.61	112.83	2656.26	1992.4	116.548	2658.39	2233.45	94.9496	2943.64	2230.02	95.7114
18.9	2941.87	1987.69	112.858	2656.5	1992.4	116.69	2658.27	2233.56	95.0135	2943.72	2229.99	95.663
18.95	2941.76	1987.65	112.799	2656.26	1992.46	116.455	2658.15	2233.69	95.0625	2943.62	2230.2	95.5426
19	2941.84	1987.66	112.867	2656.57	1992.34	116.535	2659.07	2233.25	94.5085	2943.91	2229.97	95.5376
19.05	2941.83	1987.69	112.806	2656.5	1992.48	116.558	2658.36	2233.71	95.0559	2943.75	2230.3	95.6205
19.1	2941.84	1987.68	112.872	2656.47	1992.42	116.608	2658.4	2233.57	95.0219	2943.71	2230.14	95.6338
19.15	2941.76	1987.61	112.823	2656.3	1992.41	116.524	2658.4	2233.59	95.0405	2943.74	2230.14	95.6406
19.2	2941.84	1987.72	112.803	2656.35	1992.3	116.632	2658.42	2233.59	94.9546	2943.54	2229.88	95.7852
19.25	2941.76	1987.62	112.843	2656.26	1992.43	116.558	2658.4	2233.45	94.9651	2943.79	2230.15	95.8417
19.3	2941.86	1987.69	112.84	2656.46	1992.42	116.595	2658.39	2233.51	94.9396	2943.65	2230.15	95.6587
19.35	2941.74	1987.61	112.822	2656.25	1992.47	116.533	2658.37	2233.42	94.9386	2943.88	2230.04	95.5171
19.4	2941.84	1987.69	112.881	2656.46	1992.44	116.626	2658.4	2233.54	95.0188	2943.71	2230.15	95.641
19.45	2941.82	1987.74	112.811	2656.43	1992.53	116.526	2658.43	2233.61	94.9884	2943.62	2230.44	95.5515
19.5	2941.8	1987.7	112.847	2656.44	1992.54	116.649	2658.43	2233.58	94.9912	2943.78	2230.26	95.6282
19.55	2941.79	1987.61	112.856	2656.27	1992.46	116.547	2658.43	2233.55	94.9849	2943.72	2230.16	95.6367
19.6	2941.81	1987.69	112.844	2656.43	1992.45	116.596	2658.39	2233.61	94.9965	2943.65	2230.17	95.5525
19.65	2941.76	1987.63	112.827	2656.27	1992.5	116.588	2658.44	2233.4	94.8998	2943.73	2230.21	95.8438
19.7	2941.84	1987.71	112.871	2656.42	1992.48	116.612	2658.22	2233.59	95.0198	2943.59	2230.14	95.7233
19.75	2941.73	1987.63	112.796	2656.33	1992.52	116.646	2658.22	2233.58	95.0193	2943.69	2230.1	95.623
19.8	2942.12	1987.36	112.806	2656.46	1992.43	116.567	2658.43	2233.57	94.999	2943.65	2230.33	95.5427
19.85	2942.02	1987.49	112.73	2656.52	1992.42	116.523	2658.89	2233.32	94.6439	2943.9	2230.05	95.486
19.9	2941.84	1987.69	112.853	2656.47	1992.56	116.557	2658.44	2233.54	94.99	2943.72	2230.4	95.6152
19.95	2941.73	1987.65	112.788	2656.25	1992.52	116.528	2658.45	2233.52	94.959	2943.66	2230.24	95.6019
20	2941.83	1987.67	112.823	2656.4	1992.46	116.527	2658.86	2233.2	94.6537	2943.71	2230.25	95.6
20.05	2941.75	1987.66	112.778	2656.18	1992.38	116.63	2658.25	2233.63	95.0117	2943.43	2229.84	95.7689
20.1	2941.86	1987.71	112.842	2656.49	1992.48	116.593	2658.17	2233.66	95.0778	2943.75	2230.23	95.7761
20.15	2941.75	1987.61	112.804	2656.21	1992.53	116.524	2658.19	2233.74	95.1753	2943.62	2230.21	95.6493
20.2	2941.84	1987.67	112.874	2656.46	1992.49	116.62	2658.38	2233.62	95.0287	2943.86	2230.22	95.5271
20.25	2941.81	1987.73	112.81	2656.41	1992.52	116.567	2658.48	2233.54	94.9545	2943.69	2230.27	95.605
20.3	2941.85	1987.7	112.85	2656.42	1992.58	116.566	2658.42	2233.54	94.9723	2943.6	2230.49	95.5557
20.35	2941.74	1987.64	112.787	2656.31	1992.53	116.528	2658.45	2233.53	94.9117	2943.72	2230.32	95.5854
20.4	2941.79	1987.67	112.808	2656.38	1992.52	116.538	2658.46	2233.55	94.9725	2943.65	2230.26	95.5747
20.45	2941.75	1987.63	112.798	2656.23	1992.52	116.468	2658.19	2233.64	95.0164	2943.57	2230.2	95.5072
20.5	2941.81	1987.7	112.865	2656.45	1992.54	116.625	2658.33	2233.45	94.9713	2943.68	2230.3	95.8049
20.55	2941.73	1987.62	112.791	2656.22	1992.54	116.529	2658.06	2233.75	95.1331	2943.56	2230.24	95.6724
20.6	2941.85	1987.68	112.862	2656.43	1992.55	116.615	2658.44	2233.58	94.959	2943.7	2230.28	95.5961
20.65	2941.82	1987.64	112.872	2656.43	1992.51	116.532	2658.47	2233.47	94.9601	2943.58	2230.45	95.4775
20.7	2941.82	1987.71	112.831	2656.49	1992.52	116.491	2658.36	2233.65	95.0073	2943.86	2230.15	95.4293
20.75	2941.76	1987.65	112.805	2656.27	1992.72	116.448	2658.38	2233.59	94.9928	2943.67	2230.52	95.5576
20.8	2941.82	1987.63	112.91	2656.38	1992.53	116.584	2658.43	2233.48	95.0315	2943.64	2230.32	95.6285
20.85	2941.76	1987.68	112.773	2656.27	1992.57	116.447	2658.02	2233.8	95.1315	2943.64	2230.29	95.5614
20.9	2941.85	1987.73	112.859	2656.34	1992.44	116.594	2658.15	2233.7	95.0675	2943.41	2229.96	95.7323
20.95	2941.73	1987.61	112.844	2656.18	1992.52	116.49	2658.13	2233.63	95.1128	2943.71	2230.31	95.8007
21	2941.88	1987.71	112.816	2656.41	1992.58	116.496	2658.49	2233.59	94.9005	2943.62	2230.39	95.5854
21.05	2941.79	1987.69	112.868	2656.41	1992.53	116.519	2658.7	2233.37	94.812	2943.81	2230.31	95.5114
21.1	2941.83	1987.72	112.868	2656.42	1992.54	116.588	2658.43	2233.49	94.9731	2943.64	2230.33	95.6162
21.15	2941.75	1987.69	112.745	2656.18	1992.77	116.418	2658.33	2233.67	95.0306	2943.56	2230.62	95.4581
21.2	2941.76	1987.66	112.887	2656.38	1992.66	116.616	2658.3	2233.64	95.0626	2943.68	2230.39	95.5764
21.25	2941.78	1987.62	112.841	2656.23	1992.6	116.522	2658.16	2233.65	95.0593	2943.59	2230.28	95.5889
21.3	2941.87	1987.7	112.862	2656.42	1992.56	116.514	2658.16	2233.68	95.0153	2943.53	2230.29	95.4664
21.35	2941.71	1987.63	112.804	2656.21	1992.58	116.508	2658.32	2233.47	95.0051	2943.63	2230.37	95.8153
21.4	2941.85	1987.77	112.834	2656.34	1992.64	116.565	2658.77	2233.32	94.7308	2943.56	2230.41	95.6479
21.45	2941.82	1987.67	112.879	2656.37	1992.64	116.581	2658.4	2233.57	95.0038	2943.67	2230.38	95.5933
21.5	2941.81	1987.68	112.843	2656.38	1992.59	116.53	2658.4	2233.56	94.9558	2943.56	2230.48	95.5188
21.55	2941.74	1987.66	112.772	2656.3	1992.61	116.392	2658.35	2233.67	94.969	2943.85	2230.25	95.373
21.6	2941.83	1987.64	112.933	2656.36	1992.68	116.535	2658.69	2233.26	94.8423	2943.63	2230.54	95.5903
21.65	2941.71	1987.7	112.755	2656.2	1992.64	116.461	2658.14	2233.69	95.0116	2943.56	2230.35	95.5559
21.7	2941.86	1987.74	112.827	2656.43	1992.58	116.456	2658.11	2233.7	95.0931	2943.59	2230.39	95.5281
21.75	2941.71	1987.6	112.836	2656.09	1992.49	116.604	2658.09	2233.61	95.1458	2943.33	2229.97	95.7966
21.8	2941.86	1987.75	112.826	2656.4	1992.63	116.524	2658.38	2233.7	95.014	2943.72	2230.5	95.7026
21.85	2941.81	1987.69	112.875	2656.38	1992.63	116.514	2658.31	2233.64	95.0585	2943.6	2230.49	95.5903
21.9	2941.82	1987.62	112.919	2656.37	1992.6	116.586	2658.31	2233.6	95.0731	2943.76	2230.36	95.5265
21.95	2941.74	1987.7	112.727	2656.23	1992.7	116.469	2658.32	2233.65	94.9362	2943.6	2230.51	95.5282
22	2941.8	1987.66	112.928	2656.3	1992.79	116.527	2658.34	2233.54	95.0322	2943.49	2230.7	95.4866
22.05	2941.73	1987.64	112.805	2656.26	1992.65	116.463	2658.35	2233.52	94.9622	2943.61	2230.45	95.552
22.1	2941.83	1987.77	112.809	2656.38	1992.7	116.5	2658.24	2233.61	95.0563	2943.56	2230.42	95.507
22.15	2941.7	1987.62	112.824	2656.13	1992.61	116.453	2658.21	2233.54	95.0756	2943.49	2230.34	95.5255
22.2	2941.86	1987.72	112.865	2656.39	1992.7	116.591	2658.35	2233.66	95.0115	2943.66	2230.57	95.7646
22.25	2941.8	1987.71	112.818	2656.32	1992.69	116.542	2658.36	2233.65	95.0404	2943.53	2230.52	95.6261
22.3	2941.81	1987.69	112.868	2656.38	1992.63	116.593	2658.33	2233.61	95.052	2943.63	2230.46	95.5989
22.35	2941.73	1987.68	112.751	2656.17	1992.75	116.403	2658.35	2233.63	94.9884	2943.52	2230.61	95.4702
22.4	2941.82	1987.67	112.877	2656.39	1992.66	116.478	2658.38	2233.6	94.986	2943.8	2230.32	95.3849
22.45	2941.74	1987.65	112.795	2656.2	1992.79	116.431	2658.36	2233.47	94.9679	2943.55	2230.59	95.5361
22.5	2941.88	1987.72	112.849	2656.4	1992.71	116.494	2658.34	2233.52	94.8906	2943.52	2230.45	95.4772
22.55	2941.73	1987.58	112.831	2656.2	1992.64	116.445	2658.3	2233.45	94.9911	2943.55	2230.44	95.5649
22.6	2941.87	1987.75	112.863	2656.28	1992.58	116.545	2658.37	2233.65	94.9911	2943.37	2230.19	95.7263
22.65	2941.87	1987.69	112.877	2656.34	1992.69	116.457	2658.39	2233.64	95.0062	2943.68	2230.6	95.6809
22.7	2941.84	1987.67	112.889	2656.36	1992.66	116.566	2658.35	2233.57	95.0695	2943.55	2230.54	95.626
22.75	2941.73	1987.66	112.782	2656.19	1992.72	116.441	2658.4	2233.62	94.9855	2943.72	2230.52	95.452
22.8	2941.79	1987.67	112.828	2656.34	1992.69	116.511	2658.35	2233.56	95.0062	2943.56	2230.55	95.5034
22.85	2941.72	1987.64	112.827	2656.13	1992.86	116.415	2658.34	2233.47	94.9458	2943.41	2230.73	95.4506
22.9	2941.81	1987.72	112.836	2656.39	1992.8	116.571	2658.39	2233.47	94.9326	2943.57	2230.56	95.5017
22.95	2941.77	1987.6	112.822	2656.16	1992.74	116.432	2658.39	2233.47	94.9932	2943.52	2230.46	95.5173
23	2941.84	1987.67	112.859	2656.34	1992.68	116.487	2658.38	2233.55	94.9937	2943.53	2230.54	95.5232
23.05	2941.84	1987.67	112.896	2656.38	1992.76	116.573	2658.39	2233.6	95.0011	2943.6	2230.65	95.7573
23.1	2941.85	1987.73	112.863	2656.33	1992.72	116.49	2658.39	2233.6	95.0154	2943.5	2230.59	95.6191
23.15	2941.75	1987.63	112.784	2656.25	1992.77	116.541	2658.39	2233.55	94.9845	2943.6	2230.56	95.5677
23.2	2942.02	1987.42	112.787	2656.32	1992.72	116.478	2658.35	2233.55	95.0125	2943.52	2230.7	95.479
23.25	2941.66	1987.75	112.831	2656.23	1992.75	116.397	2658.4	2233.49	94.8989	2943.72	2230.37	95.3175
23.3	2941.81	1987.74	112.874	2656.36	1992.82	116.457	2658.39	2233.44	94.9319	2943.5	2230.71	95.486
23.35	2941.66	1987.7	112.778	2656.15	1992.76	116.442	2658.17	2233.62	95.0033	2943.48	2230.51	95.5133
23.4	2941.84	1987.73	112.819	2656.38	1992.69	116.432	2658.5	2233.53	94.8984	2943.57	2230.63	95.5071
23.45	2941.79	1987.76	112.821	2656.28	1992.66	116.577	2658.45	2233.55	94.9963	2943.33	2230.28	95.705
23.5	2941.83	1987.71	112.834	2656.37	1992.77	116.517	2658.39	2233.61	94.9956	2943.66	2230.7	95.674
23.55	2941.75	1987.65	112.777	2656.17	1992.79	116.432	2658.44	2233.5	94.9791	2943.51	2230.66	95.5664
23.6	2941.79	1987.71	112.84	2656.3	1992.73	116.464	2658.44	2233.46	94.9425	2943.67	2230.6	95.4517
23.65	2941.75	1987.64	112.808	2656.16	1992.77	116.395	2658.2	2233.6	94.9812	2943.49	2230.6	95.4854
23.7	2941.83	1987.71	112.85	2656.31	1992.87	116.481	2658.17	2233.65	95.11	2943.37	2230.81	95.4319
23.75	2941.75	1987.59	112.818	2656.21	1992.76	116.418	2658.19	2233.62	95.0261	2943.53	2230.63	95.4761
23.8	2941.94	1987.63	112.798	2656.34	1992.79	116.471	2658.32	2233.7	95.0435	2943.53	2230.65	95.4718
23.85	2941.85	1987.65	112.858	2656.3	1992.75	116.469	2658.27	2233.66	95.0664	2943.48	2230.63	95.495
23.9	2941.87	1987.72	112.835	2656.34	1992.8	116.508	2658.39	2233.63	95.0065	2943.58	2230.76	95.6898
23.95	2941.76	1987.63	112.809	2656.13	1992.81	116.448	2658.66	2233.37	94.8647	2943.47	2230.71	95.5732
24	2941.82	1987.68	112.871	2656.31	1992.76	116.504	2658.79	2233.23	94.7631	2943.56	2230.62	95.5593
24.05	2941.78	1987.67	112.779	2656.15	1992.86	116.329	2658.07	2233.75	95.0811	2943.43	2230.76	95.3715
24.1	2941.84	1987.69	112.829	2656.37	1992.73	116.402	2658.15	2233.62	95.1078	2943.69	2230.42	95.3121
24.15	2941.74	1987.64	112.802	2656.16	1992.92	116.415	2658.2	2233.61	95.0497	2943.47	2230.79	95.4791
24.2	2941.95	1987.64	112.801	2656.35	1992.87	116.471	2658.32	2233.65	95.0304	2943.5	2230.75	95.4457
24.25	2941.79	1987.65	112.901	2656.33	1992.72	116.48	2658.43	2233.47	94.9976	2943.52	2230.68	95.5295
24.3	2941.98	1987.62	112.739	2656.25	1992.72	116.48	2658.76	2233.29	94.7994	2943.31	2230.39	95.6851
24.35	2941.64	1987.77	112.823	2656.12	1992.84	116.38	2658.66	2233.35	94.8419	2943.62	2230.77	95.6281
24.4	2941.95	1987.54	112.842	2656.3	1992.76	116.498	2658.18	2233.68	95.1809	2943.47	2230.73	95.5737
24.45	2941.61	1987.83	112.819	2656.14	1992.85	116.397	2658.14	2233.64	95.0389	2943.61	2230.63	95.3806
24.5	2941.87	1987.62	112.925	2656.34	1992.78	116.512	2657.96	2233.73	95.1715	2943.45	2230.62	95.4904
24.55	2941.58	1987.84	112.825	2656.09	1992.96	116.387	2658.16	2233.65	95.0289	2943.34	2230.9	95.394
24.6	2941.92	1987.63	112.817	2656.34	1992.91	116.507	2658.79	2233.26	94.7288	2943.55	2230.86	95.4392
24.65	2941.91	1987.56	112.841	2656.27	1992.81	116.483	2658.35	2233.59	95.0669	2943.49	2230.72	95.5248
24.7	2941.9	1987.66	112.836	2656.33	1992.86	116.481	2658.32	2233.67	95.0176	2943.47	2230.78	95.4694
24.75	2941.75	1987.63	112.807	2656.14	1992.85	116.414	2658.38	2233.61	95.04	2943.55	2230.85	95.6742
24.8	2941.83	1987.66	112.861	2656.22	1992.85	116.51	2658.37	2233.62	95.0353	2943.45	2230.76	95.5898
24.85	2941.77	1987.64	112.745	2656.21	1992.93	116.48	2658.39	2233.52	94.899	2943.47	2230.68	95.454
24.9	2941.84	1987.63	112.875	2656.35	1992.81	116.461	2658.33	2233.41	94.9636	2943.39	2230.79	95.3962
24.95	2941.74	1987.64	112.805	2656.15	1992.84	116.375	2658.41	2233.49	94.9012	2943.67	2230.48	95.2717
25	2941.85	1987.7	112.834	2656.33	1992.96	116.404	2658.37	2233.66	95.0173	2943.48	2231.02	95.41
25.05	2941.87	1987.6	112.927	2656.25	1992.86	116.467	2658.36	2233.56	95.0405	2943.47	2230.75	95.4952
25.1	2941.87	1987.73	112.816	2656.33	1992.84	116.403	2658.42	2233.63	94.9551	2943.52	2230.84	95.4838
25.15	2941.75	1987.63	112.798	2656.04	1992.8	116.477	2658.36	2233.54	95.0085	2943.25	2230.45	95.6467
25.2	2941.83	1987.64	112.854	2656.3	1992.83	116.479	2658.39	2233.56	95.0331	2943.56	2230.84	95.6351
25.25	2941.76	1987.67	112.744	2656.12	1992.94	116.361	2658.38	2233.56	94.9204	2943.4	2230.83	95.4604
25.3	2941.81	1987.65	112.893	2656.28	1992.83	116.502	2658.3	2233.37	95.0131	2943.54	2230.67	95.4279
25.35	2941.73	1987.68	112.729	2656.1	1992.89	116.393	2658.38	2233.51	94.8618	2943.42	2230.76	95.4404
25.4	2941.84	1987.71	112.818	2656.27	1992.96	116.419	2658.25	2233.76	95.0511	2943.38	2231.1	95.3604
25.45	2941.78	1987.64	112.918	2656.26	1992.9	116.541	2658.24	2233.62	95.1743	2943.53	2230.86	95.4957
25.5	2941.87	1987.76	112.794	2656.3	1992.92	116.44	2658.23	2233.78	94.9629	2943.48	2230.87	95.4207
25.55	2941.71	1987.66	112.809	2656.11	1992.88	116.353	2658.2	2233.8	95.0291	2943.42	2230.87	95.4381
25.6	2941.79	1987.61	112.898	2656.31	1992.83	116.511	2658.54	2233.4	94.9381	2943.52	2230.85	95.7163
25.65	2941.76	1987.69	112.723	2656.08	1992.95	116.389	2657.95	2233.92	95.1934	2943.33	2230.85	95.5095
25.7	2941.83	1987.64	112.896	2656.3	1992.86	116.501	2657.96	2233.73	95.2306	2943.43	2230.71	95.501
25.75	2941.75	1987.64	112.776	2656.06	1992.96	116.313	2657.97	2233.87	95.2388	2943.34	2230.89	95.3525
25.8	2941.81	1987.7	112.84	2656.35	1992.9	116.398	2658.14	2233.74	95.2275	2943.73	2230.69	95.2013
25.85	2941.82	1987.64	112.909	2656.3	1992.94	116.462	2658.54	2233.37	94.9619	2943.44	2231.02	95.4552
25.9	2941.87	1987.75	112.807	2656.29	1992.96	116.453	2657.9	2234.08	95.1848	2943.45	2230.9	95.4291
25.95	2941.72	1987.63	112.824	2656.08	1992.92	116.321	2658.06	2233.77	95.2217	2943.46	2230.91	95.4274
26	2941.81	1987.68	112.846	2656.17	1992.8	116.545	2658.18	2233.78	95.1244	2943.2	2230.49	95.6951
26.05	2941.78	1987.71	112.754	2656.12	1992.99	116.341	2658.05	2233.8	95.0889	2943.51	2230.95	95.5499
26.1	2941.83	1987.66	112.893	2656.25	1992.92	116.455	2657.96	2233.92	95.4178	2943.33	2230.84	95.4973
26.15	2941.75	1987.62	112.798	2656.06	1992.92	116.388	2657.84	2233.79	95.2513	2943.51	2230.77	95.3925
26.2	2941.88	1987.72	112.861	2656.33	1992.94	116.43	2658.73	2233.35	94.7947	2943.44	2230.94	95.3979
26.25	2941.81	1987.65	112.903	2656.21	1993.01	116.45	2658.65	2233.33	94.8518	2943.3	2231.18	95.3759
26.3	2941.84	1987.71	112.844	2656.3	1993.04	116.483	2658.61	2233.43	94.8595	2943.47	2231.03	95.4065
26.35	2941.8	1987.55	112.86	2656.07	1992.96	116.336	2658.6	2233.39	94.9119	2943.42	2230.92	95.4294
26.4	2941.83	1987.65	112.854	2656.19	1992.91	116.409	2658.33	2233.58	95.0419	2943.39	2230.91	95.4662
26.45	2941.75	1987.67	112.766	2656.1	1993.01	116.362	2658.37	2233.56	94.9396	2943.44	2230.97	95.5649
26.5	2941.81	1987.65	112.885	2656.26	1992.95	116.452	2658.35	2233.43	94.988	2943.3	2230.89	95.4985
26.55	2941.75	1987.66	112.81	2656.14	1992.98	116.44	2658.37	2233.49	94.9285	2943.4	2230.82	95.4641
26.6	2941.86	1987.74	112.822	2656.24	1993.02	116.408	2658.36	2233.62	95.001	2943.37	2231.07	95.3174
26.65	2941.85	1987.6	112.906	2656.27	1992.92	116.409	2658.38	2233.59	95.011	2943.69	2230.69	95.2286
26.7	2941.86	1987.76	112.83	2656.3	1993.1	116.366	2658.37	2233.66	94.9773	2943.42	2231.22	95.3606
26.75	2941.73	1987.65	112.818	2656.07	1993	116.362	2659.01	2233.03	94.7125	2943.38	2230.96	95.4204
26.8	2941.85	1987.65	112.853	2656.22	1992.91	116.382	2658.96	2233.17	94.5702	2943.42	2230.96	95.448
26.85	2941.75	1987.78	112.692	2656.04	1992.95	116.377	2658.34	2233.63	94.91	2943.15	2230.6	95.5605
26.9	2941.81	1987.67	112.909	2656.24	1992.96	116.443	2658.13	2233.6	95.1307	2943.45	2230.96	95.6157
26.95	2941.74	1987.63	112.768	2656.03	1993	116.362	2658.22	2233.63	95.0717	2943.3	2230.96	95.4685
27	2941.96	1987.61	112.731	2656.25	1993.01	116.395	2658.48	2233.61	94.9141	2943.52	2230.99	95.3197
27.05	2941.83	1987.58	112.891	2656.28	1992.93	116.504	2658.47	2233.41	94.9705	2943.4	2230.98	95.4667
27.1	2942.08	1987.44	112.727	2656.27	1993.01	116.384	2658.51	2233.54	94.9008	2943.31	2231.24	95.3296
27.15	2941.64	1987.75	112.838	2656.16	1992.98	116.355	2658.87	2233.17	94.7025	2943.43	2231.1	95.4008
27.2	2942	1987.46	112.831	2656.23	1992.96	116.388	2658.53	2233.48	95.0251	2943.39	2230.96	95.4166
27.25	2941.77	1987.64	112.776	2656.07	1993.02	116.303	2658.31	2233.56	94.9832	2943.3	2230.98	95.3489
27.3	2941.83	1987.67	112.871	2656.28	1993.01	116.454	2658.2	2233.56	95.036	2943.39	2231.02	95.597
27.35	2941.73	1987.64	112.776	2656.02	1993.02	116.354	2658.18	2233.64	95.0382	2943.28	2230.96	95.4456
27.4	2941.87	1987.69	112.856	2656.27	1993	116.413	2658.36	2233.67	95.0383	2943.42	2231.02	95.4143
27.45	2941.84	1987.62	112.894	2656.24	1992.97	116.378	2658.53	2233.4	94.88	2943.33	2231.11	95.3308
27.5	2941.82	1987.73	112.858	2656.29	1993.02	116.37	2658.59	2233.54	94.8445	2943.7	2230.83	95.1476
27.55	2941.75	1987.61	112.857	2656.08	1993.12	116.308	2658.44	2233.49	94.9647	2943.37	2231.22	95.3594
27.6	2941.86	1987.64	112.883	2656.19	1993.03	116.444	2658.99	2233.1	94.7467	2943.35	2231.03	95.4056
27.65	2941.76	1987.66	112.746	2656.08	1993.05	116.261	2658.27	2233.62	94.9598	2943.35	2231.04	95.3379
27.7	2941.96	1987.48	112.888	2656.17	1992.91	116.465	2658.04	2233.75	95.2024	2943.09	2230.6	95.6033
27.75	2941.63	1987.79	112.822	2656.02	1993.06	116.298	2658.26	2233.62	95.0029	2943.4	2231.05	95.5266
27.8	2941.94	1987.56	112.747	2656.25	1993.04	116.381	2658.24	2233.73	95.0537	2943.32	2231.16	95.4276
27.85	2941.93	1987.52	112.833	2656.2	1992.98	116.423	2658.34	2233.61	95.0964	2943.45	2230.99	95.3832
27.9	2942.13	1987.37	112.714	2656.27	1993.02	116.406	2658.35	2233.67	95.0117	2943.36	2231.11	95.3558
27.95	2941.73	1987.63	112.816	2656.02	1993.17	116.291	2658.34	2233.59	95.048	2943.25	2231.35	95.3024
28	2941.91	1987.62	112.815	2656.22	1993.11	116.479	2658.35	2233.62	95.0184	2943.39	2231.14	95.3824
28.05	2941.73	1987.69	112.84	2656.07	1993.08	116.306	2657.76	2234.02	95.2539	2943.32	2231.03	95.3616
28.1	2942.14	1987.29	112.834	2656.22	1993.03	116.401	2657.84	2233.97	95.1842	2943.26	2231.02	95.3971
28.15	2941.71	1987.69	112.762	2656.02	1993.1	116.328	2658.47	2233.46	94.853	2943.36	2231.12	95.5391
28.2	2941.84	1987.66	112.878	2656.22	1993.06	116.391	2658.27	2233.65	95.0875	2943.3	2231.12	95.463
28.25	2941.84	1987.69	112.835	2656.19	1993.07	116.402	2658.35	2233.62	94.9976	2943.37	2231.05	95.4092
28.3	2941.88	1987.71	112.862	2656.23	1993.1	116.354	2658.35	2233.65	94.9464	2943.29	2231.27	95.2537
28.35	2941.78	1987.59	112.824	2656.04	1993.04	116.326	2658.38	2233.53	95.0057	2943.61	2230.83	95.1868
28.4	2941.83	1987.73	112.803	2656.21	1993.15	116.289	2658.37	2233.64	94.9708	2943.34	2231.34	95.3167
28.45	2941.75	1987.62	112.783	2656.04	1993.11	116.282	2658.33	2233.49	94.9507	2943.27	2231.11	95.333
28.5	2941.87	1987.6	112.879	2656.25	1992.97	116.378	2658.32	2233.41	94.9863	2943.29	2231.03	95.4186
28.55	2941.76	1987.76	112.688	2656	1993.07	116.313	2658.38	2233.59	94.8715	2943.07	2230.75	95.507
28.6	2941.86	1987.64	112.911	2656.22	1993.08	116.406	2658.35	2233.61	95.0632	2943.42	2231.21	95.5382
28.65	2941.84	1987.63	112.806	2656.22	1992.98	116.351	2658.37	2233.6	95.0184	2943.29	2231.16	95.4636
28.7	2941.88	1987.76	112.791	2656.24	1993.11	116.323	2658.37	2233.64	94.9608	2943.44	2231.16	95.2814
28.75	2941.74	1987.59	112.842	2656.06	1993.04	116.351	2658.32	2233.55	95.052	2943.32	2231.15	95.3986
28.8	2941.83	1987.7	112.823	2656.17	1993.14	116.39	2658.37	2233.58	94.9628	2943.23	2231.41	95.2936
28.85	2941.74	1987.65	112.773	2656.14	1993.07	116.257	2658.3	2233.6	94.9902	2943.31	2231.19	95.3068
28.9	2941.84	1987.65	112.889	2656.22	1993.03	116.404	2658.31	2233.47	95.0626	2943.26	2231.02	95.394
28.95	2941.76	1987.67	112.764	2656.02	1993.1	116.242	2658.39	2233.45	94.884	2943.24	2231.13	95.3145
29	2941.84	1987.67	112.906	2656.21	1993.11	116.383	2658.37	2233.61	95.0676	2943.37	2231.27	95.5361
29.05	2941.93	1987.55	112.818	2656.19	1993.08	116.377	2658.38	2233.61	95.0256	2943.26	2231.17	95.4573
29.1	2941.83	1987.78	112.837	2656.22	1993.12	116.335	2658.42	2233.65	94.9768	2943.36	2231.21	95.3545
29.15	2941.74	1987.58	112.874	2655.99	1993.13	116.29	2658.96	2232.94	94.6093	2943.26	2231.26	95.3297
29.2	2941.82	1987.71	112.842	2656.21	1993.1	116.319	2659.1	2233.23	94.465	2943.6	2230.95	95.1157
29.25	2941.77	1987.64	112.814	2656.06	1993.22	116.221	2658.35	2233.53	94.975	2943.27	2231.36	95.2958
29.3	2941.84	1987.62	112.93	2656.2	1993.07	116.373	2658.22	2233.49	95.0518	2943.22	2231.09	95.3765
29.35	2941.76	1987.66	112.747	2656.02	1993.15	116.242	2658.33	2233.58	94.8884	2943.27	2231.16	95.2933
29.4	2941.97	1987.48	112.826	2656.16	1993.08	116.385	2658.88	2233	94.7699	2943.1	2230.9	95.5039
29.45	2941.91	1987.57	112.858	2656.15	1993.09	116.354	2658.55	2233.44	94.9589	2943.38	2231.23	95.5295
29.5	2942.14	1987.33	112.617	2656.21	1993.15	116.313	2658.56	2233.45	94.7948	2943.27	2231.29	95.3328
29.55	2941.62	1987.66	112.892	2655.98	1993.1	116.313	2658.44	2233.48	94.9838	2943.36	2231.17	95.3358
29.6	2942.1	1987.36	112.661	2656.18	1993.11	116.367	2658.46	2233.5	94.8737	2943.3	2231.22	95.339
29.65	2941.75	1987.67	112.77	2656.02	1993.24	116.239	2658.3	2233.55	94.9731	2943.16	2231.41	95.2286
29.7	2941.82	1987.59	112.922	2656.21	1993.14	116.426	2658.11	2233.69	95.1123	2943.26	2231.21	95.3348
29.75	2941.78	1987.64	112.812	2656	1993.18	116.26	2658.3	2233.58	95.0435	2943.24	2231.18	95.2948
29.8	2941.85	1987.66	112.886	2656.2	1993.14	116.354	2658.45	2233.47	95.0328	2943.27	2231.28	95.3712
29.85	2941.81	1987.68	112.833	2656.2	1993.15	116.37	2658.27	2233.68	95.0918	2943.34	2231.31	95.515
29.9	2941.87	1987.71	112.848	2656.19	1993.17	116.308	2658.37	2233.67	95.0371	2943.2	2231.29	95.3937
29.95	2941.73	1987.58	112.838	2656.05	1993.15	116.388	2658.34	2233.56	95.0496	2943.31	2231.18	95.3922
30	2941.87	1987.69	112.799	2656.19	1993.14	116.278	2658.38	2233.63	94.9547	2943.25	2231.38	95.2372
30.05	2941.75	1987.65	112.788	2656.04	1993.18	116.286	2658.29	2233.55	94.9165	2943.51	2230.99	95.0977
30.1	2941.84	1987.64	112.904	2656.2	1993.15	116.348	2658.29	2233.51	95.0298	2943.23	2231.33	95.3209
30.15	2941.75	1987.71	112.744	2656.03	1993.21	116.219	2658.36	2233.57	94.9307	2943.22	2231.25	95.2617
30.2	2941.86	1987.65	112.903	2656.2	1993.1	116.353	2658.45	2233.52	95.0466	2943.3	2231.26	95.319
30.25	2941.81	1987.76	112.788	2656.14	1993.13	116.377	2658.79	2233.17	94.8219	2943.07	2230.94	95.5129
30.3	2941.86	1987.71	112.831	2656.23	1993.17	116.3	2658.88	2233.23	94.7025	2943.37	2231.37	95.4027
30.35	2941.74	1987.59	112.821	2656	1993.12	116.256	2658.07	2233.73	95.2631	2943.23	2231.31	95.3934
30.4	2941.85	1987.72	112.838	2656.18	1993.12	116.322	2658.37	2233.64	95.0016	2943.34	2231.25	95.2802
30.45	2941.72	1987.65	112.791	2656.04	1993.16	116.25	2658.31	2233.49	94.947	2943.23	2231.24	95.2837
30.5	2941.84	1987.68	112.899	2656.18	1993.2	116.366	2658.33	2233.46	94.9684	2943.1	2231.44	95.2343
30.55	2941.73	1987.67	112.774	2656.11	1993.17	116.264	2658.37	2233.5	94.9293	2943.26	2231.3	95.251
30.6	2941.81	1987.66	112.9	2656.16	1993.18	116.326	2658.34	2233.59	95.0801	2943.26	2231.29	95.333
30.65	2941.84	1987.67	112.83	2656.17	1993.15	116.309	2658.54	2233.42	94.9727	2943.23	2231.33	95.3298
30.7	2941.88	1987.73	112.846	2656.21	1993.2	116.312	2658.37	2233.7	95.0426	2943.32	2231.41	95.4371
30.75	2941.74	1987.58	112.873	2656.01	1993.16	116.286	2658.49	2233.42	94.9739	2943.24	2231.27	95.3983
30.8	2941.83	1987.69	112.809	2656.17	1993.15	116.267	2658.49	2233.56	94.9219	2943.29	2231.31	95.3274
30.85	2941.77	1987.62	112.855	2655.98	1993.23	116.202	2658.1	2233.68	95.114	2943.17	2231.36	95.225
30.9	2942	1987.5	112.786	2656.18	1993.15	116.355	2658.27	2233.55	95.0211	2943.43	2231	95.1306
30.95	2941.71	1987.75	112.781	2656.01	1993.33	116.167	2658.28	2233.62	94.9358	2943.21	2231.47	95.1843
31	2941.81	1987.67	112.941	2656.19	1993.15	116.32	2658.26	2233.64	95.1493	2943.25	2231.33	95.3191
31.05	2941.84	1987.67	112.842	2656.18	1993.13	116.295	2659.11	2233.09	94.5034	2943.28	2231.32	95.3148
31.1	2941.88	1987.77	112.802	2656.19	1993.15	116.289	2658.32	2233.75	94.9994	2943.1	2231.09	95.4154
31.15	2941.75	1987.55	112.862	2655.96	1993.17	116.266	2658.34	2233.57	95.0586	2943.33	2231.35	95.4496
31.2	2941.86	1987.67	112.797	2656.16	1993.17	116.28	2658.35	2233.65	94.9895	2943.21	2231.37	95.3367
31.25	2941.77	1987.63	112.829	2656	1993.2	116.234	2658.32	2233.48	94.972	2943.29	2231.28	95.2035
31.3	2941.85	1987.67	112.896	2656.18	1993.14	116.311	2658.32	2233.45	94.9359	2943.18	2231.27	95.2672
31.35	2941.74	1987.65	112.782	2655.95	1993.27	116.176	2658.38	2233.5	94.9342	2943.1	2231.51	95.181
31.4	2941.84	1987.67	112.92	2656.17	1993.24	116.364	2658.39	2233.6	95.0303	2943.3	2231.43	95.2927
31.45	2941.82	1987.69	112.85	2656.16	1993.21	116.35	2658.99	2233.18	94.7603	2943.25	2231.34	95.2766
31.5	2941.86	1987.7	112.881	2656.18	1993.21	116.301	2658.9	2233.04	94.7834	2943.22	2231.39	95.3022
31.55	2941.72	1987.65	112.801	2655.99	1993.17	116.227	2658.17	2233.7	95.1495	2943.29	2231.41	95.4529
